0.325239 29
6.571507 64
0.007602 64
0.008316 66
0.054262 68
0.289395 70
0.061477 23
0.115680 6
0.223820 423
0.057516 216
0.046295 54
0.462868 54
0.500516 54
0.515331 109
0.485370 55
0.503416 55
0.500331 55
0.499488 55
0.502001 111
0.497540 56
0.511385 113
0.534119 137
0.475482 80
0.491141 80
0.496446 80
0.545562 80
0.462276 80
0.495967 80
0.496195 80
0.532555 80
0.496853 80
0.517762 80
0.464313 80
0.558213 80
0.474576 80
0.523524 80
0.484985 80
0.491921 80
0.489080 80
0.493956 80
0.488725 80
0.510178 80
0.482374 80
0.522402 80
0.520371 80
0.455911 80
0.532320 80
0.479338 80
0.493021 80
0.499706 80
0.514329 80
0.493299 80
0.528647 80
0.533095 80
0.521497 80
0.416937 80
0.551133 80
0.452080 80
0.493147 80
0.498982 80
0.504718 80
0.535846 80
0.463959 80
0.511635 80
0.492878 354
0.066373 80
0.497220 80
0.491977 80
0.500107 80
0.499807 80
0.524323 80
0.488724 80
0.495385 80
0.495576 80
0.583273 80
0.416754 80
0.501033 80
0.503591 80
0.499308 80
0.513168 80
0.530214 80
0.469408 80
0.486810 80
0.500722 80
0.499552 80
0.504179 80
0.500086 80
0.500879 80
0.641767 80
0.537331 80
0.319946 80
0.528251 80
0.475683 80
0.502448 80
0.497546 80
0.499140 80
0.500747 80
0.499645 80
0.525815 80
0.478319 80
0.499711 80
0.501493 80
0.638565 80
0.462611 80
0.710862 80
0.520198 80
0.281105 80
0.390513 80
0.499130 80
0.499830 80
0.515566 80
0.487890 80
0.501360 80
0.498768 80
0.464067 363
0.045986 354
0.166552 265
0.264069 431
0.065247 273
0.159222 196
0.059575 71
1.171053 22
0.056680 25
0.128687 260
0.060426 26
0.790394 26
0.436863 26
0.396369 26
0.491100 26
0.603275 26
0.441212 26
0.566959 26
0.622812 102
0.673717 106
0.056276 7
0.527990 65
11.897786 92
0.057358 73
6.968493 110
0.071997 116
2.072208 49
0.303422 98
0.604469 40
0.151310 110
0.489432 46
0.091202 114
0.516473 48
0.083789 59
1.176230 17
0.455330 64
2.431403 35
0.060513 110
0.059516 109
0.193641 64
0.058517 102
11.211616 217
0.056797 25
1.791652 51
3.092275 55
0.059855 51
1.307426 106
0.060218 55
0.060342 106
0.063844 51
0.043740 55
0.063868 46
3.339553 6
0.621720 53
0.078468 61
0.317101 52
0.323917 49
0.224132 51
0.303140 43
0.324540 33
