0.860516 91
1.195474 66
0.052799 66
0.049304 138
0.391379 23
0.157127 6
0.308085 311
0.018310 64
0.020361 102
0.024749 14
0.008091 93
0.503017 519
0.443569 202
0.004469 80
0.001660 269
0.256526 80
0.500856 80
0.500290 80
0.500902 80
0.500862 80
0.500519 80
0.500730 80
0.138361 80
0.500504 80
0.500761 80
0.507129 80
0.494878 80
0.500742 80
0.500968 80
0.500936 80
0.500566 80
0.501248 80
0.505342 80
0.503101 80
0.499745 80
0.521760 80
0.480875 80
0.500779 80
0.080403 334
0.000790 148
0.000897 346
0.000903 154
0.000586 352
0.011842 158
0.490032 80
0.503381 80
0.498955 80
0.503258 80
0.497341 363
0.321557 586
0.265945 338
0.000198 495
0.169108 152
0.015707 80
0.503821 80
0.506229 80
0.499887 80
0.499174 80
0.494447 80
0.501684 80
0.499614 80
0.514782 80
0.508198 80
0.497040 80
0.507126 80
0.499016 80
0.479019 80
0.500708 80
0.500856 80
0.500561 80
0.501142 80
0.500335 80
0.501343 80
0.500322 80
0.500654 80
0.501020 80
0.504204 80
0.497303 80
0.507197 80
0.509471 80
0.510714 80
0.475604 80
0.501516 80
0.504048 80
0.525277 80
0.473198 80
0.500451 80
0.501026 196
0.238752 29
0.898485 93
1.158090 233
0.134471 26
0.019836 26
0.014931 26
0.703169 26
0.594596 26
0.559865 26
0.736159 26
0.581058 26
0.704706 26
0.447032 26
0.903931 102
0.627353 106
0.024518 7
0.468781 126
13.216720 55
0.572993 50
0.404917 96
1.474768 36
0.366629 100
0.998794 41
0.270318 112
1.076597 47
0.876430 65
0.603436 92
0.055580 73
8.066170 110
0.114150 116
2.691095 49
0.289782 102
0.730763 42
0.322944 110
1.354617 43
0.736706 83
0.959216 59
0.277873 13
1.026615 35
0.306146 40
2.663196 50
0.127641 48
1.224235 41
0.269192 46
0.201773 36
1.278945 40
5.117491 46
0.132561 59
0.968662 17
0.220519 64
1.400811 35
0.117883 110
0.006681 109
0.246689 64
0.022730 102
10.405743 109
0.009960 106
0.004147 2
0.000805 25
1.526088 51
1.213071 55
0.011831 51
0.305253 55
0.042237 51
0.015356 55
0.021882 46
0.480149 6
0.797510 58
0.143956 30
0.461331 160
0.037155 107
0.551507 52
0.157081 234
0.159152 57
0.007323 93
0.014635 12
0.047714 40
0.150374 415
0.319434 52
0.172365 95
0.615767 11
0.529459 1
0.180091 1
0.188033 1
0.187527 1
0.187663 1
0.026301 1
0.156967 1
0.222357 2
0.005485 1
0.208353 1
0.005085 1
0.216877 1
0.004941 1
0.177572 1
0.006201 1
0.238276 2
0.001079 1
0.098000 1
0.011066 1
0.053103 1
0.120324 1
0.048307 1
0.124783 1
0.003261 2
0.047444 1
0.121857 1
0.004820 1
0.049264 1
0.122574 1
0.002615 1
0.041468 1
0.115655 2
0.474186 1
0.025520 1
0.034377 1
0.086224 1
0.029562 1
0.020493 1
0.037010 1
0.075708 2
0.036199 1
0.022519 1
0.010603 1
0.028778 1
0.070849 1
0.039363 1
0.020042 5
0.006112 6
0.000017 6
0.000852 2
0.025440 9
0.000311 1
0.011883 1
0.071401 1
0.021621 1
0.020723 1
0.021253 1
0.023578 1
0.011103 2
0.008610 1
0.075479 1
0.010265 1
0.022326 1
0.017717 1
0.005642 1
0.028537 1
0.007676 2
0.334001 1
0.057897 1
0.038822 1
0.040361 1
0.019595 3
0.066471 2
0.009941 1
0.005693 1
0.034193 1
0.020239 1
0.033932 1
0.020907 1
0.017011 1
0.007138 2
0.017719 1
0.013425 1
0.010692 1
0.015343 1
0.038435 1
0.015815 1
0.019072 1
0.020153 2
0.015595 1
0.006529 1
0.019177 1
0.005501 1
0.011628 1
0.005774 1
0.013988 5
0.035553 11
0.000046 2
0.319775 9
0.003902 1
0.017784 1
0.019967 1
0.023160 1
0.013135 1
0.005416 1
0.015633 1
0.005601 2
0.013790 1
0.005283 1
0.012383 1
0.019175 1
0.038510 1
0.018888 1
0.018056 1
0.026925 2
0.007394 1
0.004037 1
0.005533 1
0.012287 1
0.005565 1
0.035048 1
0.005690 1
0.005285 2
0.026381 1
0.019032 1
0.017000 1
0.041364 1
0.005122 1
0.005709 1
0.005338 1
0.006222 2
0.384536 1
0.038872 1
0.020725 1
0.020915 1
0.016276 1
0.005311 1
0.016515 1
0.005650 2
0.013708 1
0.006547 1
0.013214 1
0.006527 1
0.012921 1
0.015935 1
0.025511 15
0.018006 11
0.059022 1
0.005347 1
0.005325 1
0.005493 1
0.005879 1
0.005329 1
0.033901 1
0.004862 2
0.005707 1
0.005585 1
0.005497 1
0.006429 1
0.162391 3
0.001854 2
0.690490 1
0.039742 1
0.018848 1
0.019146 1
0.018302 1
0.005418 1
0.017104 1
0.005839 2
0.023089 3
0.021447 1
0.004333 2
0.031071 1
0.076352 2
0.002628 1
0.005442 1
0.005507 1
0.005594 1
0.005502 1
0.033606 1
0.003978 1
0.005560 2
0.005598 1
0.005834 1
0.005355 1
0.005712 1
0.077524 1
0.026475 1
0.006099 15
0.005152 11
0.471304 1
0.020461 1
0.022058 1
0.019108 1
0.022553 1
0.013657 1
0.005777 1
0.015557 2
0.005698 1
0.014329 1
0.005496 1
0.012843 1
0.005667 1
0.014252 1
0.015864 1
0.018640 2
0.080948 1
0.005461 1
0.005862 1
0.004818 1
0.005683 1
0.005255 1
0.178314 1
0.003681 3
0.001559 1
0.000255 1
0.000895 1
0.000834 1
0.000190 1
0.000780 1
0.072227 1
0.269784 1
0.001115 1
0.027741 1
0.013648 1
0.025009 1
0.023864 1
0.005399 1
0.005825 1
0.016972 1
0.016350 1
0.000200 1
0.019692 1
0.005330 1
0.014710 1
0.017016 1
0.005941 1
0.019097 1
0.016738 14
0.000293 10
0.023220 1
0.000211 1
0.052027 1
0.004088 1
0.005583 1
0.005935 1
0.006307 1
0.019595 1
0.023186 2
0.001755 1
0.018524 1
0.018107 1
0.003947 1
0.018342 1
0.016722 1
0.017984 1
0.011033 2
0.259435 1
0.039588 1
0.036849 1
0.020841 1
0.019006 1
0.018248 1
0.019990 1
0.005242 2
0.015515 1
0.018299 1
0.005479 1
0.014040 1
0.005263 1
0.014173 1
0.005405 1
0.014925 2
0.005207 1
0.081270 1
0.007142 1
0.004162 1
0.005615 1
0.005375 1
0.007440 1
0.004166 2
0.040929 1
0.009449 1
0.001151 1
0.005523 1
0.006193 1
0.004953 1
0.006101 15
0.064606 11
0.059726 1
0.004545 1
0.010848 1
0.005839 1
0.014039 1
0.004534 1
0.016413 1
0.008839 2
0.008167 1
0.005650 1
0.013736 1
0.006067 1
0.018991 1
0.091550 1
0.002471 1
0.005830 2
0.005265 1
0.005694 1
0.005543 1
0.005590 1
0.005631 1
0.027980 1
0.005239 1
0.006061 2
0.007254 1
0.003611 1
0.005717 1
0.103467 1
0.005585 1
0.005680 1
0.006409 1
0.004303 2
0.220081 1
0.039915 1
0.037655 1
0.026038 1
0.018417 1
0.017249 1
0.018892 1
0.020019 2
0.015601 1
0.005297 1
0.016292 1
0.017102 1
0.006241 1
0.013334 1
0.005364 15
0.014186 9
0.005408 3
0.026275 1
0.069970 1
0.005330 1
0.005554 1
0.005400 1
0.005966 1
0.005117 2
0.033993 1
0.005001 1
0.005471 1
0.005452 1
0.005646 1
0.006328 1
0.004925 1
0.005777 2
0.223451 1
0.038196 1
0.021582 1
0.036178 1
0.018913 1
0.024191 1
0.014019 1
0.019037 2
0.019795 1
0.019659 1
0.022034 1
0.017633 1
0.031289 1
0.006885 1
0.018891 1
0.019257 2
0.019454 1
0.020216 1
0.019911 1
0.018575 1
0.020050 1
0.018981 1
0.019443 1
0.027721 2
0.019483 1
0.019890 1
0.019378 1
0.018675 1
0.019333 1
0.019128 1
0.019826 15
0.019399 11
0.346462 1
0.057677 1
0.040423 1
0.038612 1
0.025181 1
0.014470 1
0.019615 1
0.019967 2
0.026761 1
0.007671 1
0.008892 1
0.012671 1
0.018033 1
0.014724 1
0.005764 1
0.008909 2
0.010020 1
0.004220 1
0.013649 1
0.082554 1
0.005944 1
0.005180 1
0.005040 1
0.006291 2
0.008777 1
0.035520 1
0.005358 1
0.005595 1
0.005613 1
0.005497 1
0.005638 1
0.005384 2
0.137758 1
0.002255 1
0.007958 1
0.005457 1
0.014825 1
0.004796 1
0.013914 1
0.005314 2
0.013852 1
0.005611 1
0.014201 1
0.008723 1
0.010494 1
0.095207 1
0.005382 5
0.006089 10
0.000352 10
0.004881 1
0.000098 1
0.005463 1
0.010641 1
0.197768 6
0.004107 1
0.000052 1
0.132478 2
0.001321 1
0.000060 2
0.000943 2
0.228880 1
0.038240 1
0.021645 1
0.036509 1
0.018887 1
0.023238 1
0.015385 1
0.005568 2
0.016362 1
0.018995 1
0.005077 1
0.015167 1
0.005530 1
0.015913 1
0.004510 1
0.014107 2
0.005338 1
0.087139 1
0.005167 1
0.005559 1
0.006495 1
0.004825 1
0.006115 1
0.376653 2
0.000599 1
0.001328 2
0.001039 1
0.000059 1
0.000738 1
0.000973 1
0.000638 25
0.030565 1
0.151216 1
0.158273 5
0.000123 3
0.184295 1
0.000839 1
0.001110 2
0.000965 1
0.028795 1
0.005747 3
0.002318 2
0.000915 2
0.001178 1
0.001787 1
0.169253 2
0.005251 1
0.005617 1
0.005714 1
0.008029 1
0.004281 1
0.256532 1
0.005212 1
0.003308 2
0.000588 1
0.001009 1
0.000789 1
0.000928 2
0.001116 2
0.003217 2
0.171531 1
0.005585 1
0.003420 1
0.007467 1
0.005063 1
0.004087 1
0.191523 15
0.133094 11
0.005224 1
0.002806 1
0.005502 1
0.002633 1
0.000888 1
0.001121 2
0.001346 2
0.000505 1
0.001089 1
0.000375 1
0.000719 1
0.169370 1
0.005332 1
0.005785 1
0.009011 2
0.704617 1
0.037990 1
0.037015 1
0.024250 1
0.014933 1
0.019056 1
0.022436 1
0.018707 2
0.035111 1
0.022185 1
0.021946 1
0.018764 1
0.020113 1
0.037385 1
0.019163 1
0.017247 2
0.020635 1
0.036870 1
0.016649 1
0.018316 1
0.008638 1
0.051950 1
0.017722 1
0.017766 2
0.021881 1
0.022684 1
0.014943 1
0.018157 1
0.007794 1
0.051076 1
0.019556 11
0.018074 4
0.000679 11
0.058202 1
0.040105 1
0.037898 1
0.021250 1
0.036066 1
0.019437 1
0.019605 1
0.019572 1
0.022570 1
0.000829 1
0.032427 1
0.019213 1
0.005442 1
0.034421 1
0.010773 1
0.025777 1
0.019671 2
0.018805 1
0.026586 1
0.019915 1
0.016271 1
0.020290 1
0.019156 1
0.018532 1
0.020779 2
0.018009 1
0.018703 1
0.036741 1
0.019203 1
0.004813 1
0.034089 1
0.006122 1
0.029416 2
0.068843 1
0.016927 1
0.020886 1
0.024210 1
0.014265 1
0.018717 1
0.019320 1
0.037341 2
0.018360 1
0.006341 1
0.033178 1
0.003200 1
0.017882 1
0.019107 1
0.019193 11
0.019976 4
0.000578 11
0.036660 1
0.018083 1
0.014463 1
0.006214 1
0.020944 1
0.016887 1
0.019064 1
0.018264 1
0.019863 1
0.000043 1
0.038074 1
0.020773 1
0.004090 1
0.014577 1
0.025760 1
0.010646 1
0.015459 2
0.247994 1
0.020412 1
0.019781 1
0.019231 1
0.021107 1
0.018979 1
0.018089 1
0.018415 2
0.020128 1
0.024625 1
0.015324 1
0.019434 1
0.019819 1
0.018695 1
0.019276 1
0.020635 2
0.031105 1
0.703166 29
0.000077 10
0.172692 1
0.000421 1
0.039867 1
0.024326 1
0.005709 1
0.024202 2
0.018151 1
0.012614 2
0.005563 1
0.013127 1
0.030452 1
0.041278 1
0.023847 1
0.017708 1
0.005364 1
0.015930 2
0.010981 1
0.009054 1
0.005759 1
0.012691 1
0.036177 1
0.034697 1
0.022074 1
0.019219 2
0.005691 1
0.017067 1
0.006154 1
0.013698 1
0.006653 1
0.013486 1
0.028600 1
0.039228 2
0.294425 1
0.031479 1
0.019562 1
0.018522 1
0.007956 1
0.015013 1
0.015810 1
0.005668 2
0.025283 1
0.005071 1
0.014785 1
0.028727 1
0.021139 1
0.020017 1
0.017576 15
0.018861 2
0.016625 7
0.001649 4
0.018221 1
0.013684 1
0.005629 1
0.020075 1
0.040886 1
0.016040 2
0.018164 1
0.006454 1
0.021939 1
0.005515 1
0.008802 1
0.035480 1
0.006719 1
0.003522 2
0.022101 1
0.031855 1
0.015508 1
0.018261 1
0.016009 1
0.011209 1
0.006880 1
0.037340 2
0.005392 1
0.005696 1
0.005513 1
0.019344 1
0.031803 1
0.015627 1
0.017624 1
0.030163 2
0.008896 1
0.001129 1
0.030147 1
0.008723 1
0.005722 1
0.005827 1
0.022730 1
0.035818 2
0.011311 1
0.029900 1
0.006952 1
0.007540 1
0.011231 1
0.035570 1
0.005087 1
0.005049 10
0.000206 4
0.000426 11
0.697175 1
0.038130 1
0.021647 1
0.021445 1
0.002725 1
0.018349 1
0.014120 1
0.005582 2
0.014010 1
0.005591 1
0.005411 1
0.016525 1
0.029721 1
0.020602 1
0.020542 1
0.018615 2
0.041090 1
0.006216 1
0.005072 1
0.005571 1
0.005538 1
0.006107 1
0.012256 1
0.012477 2
0.024298 1
0.037608 1
0.058732 1
0.006228 1
0.004912 1
0.005149 1
0.005683 1
0.005568 2
0.147436 1
0.016512 1
0.020545 1
0.019110 1
0.018054 1
0.005269 1
0.016368 1
0.018797 2
0.002283 1
0.014998 1
0.010018 1
0.009790 1
0.018206 1
0.021415 1
0.019663 15
0.020376 11
0.040965 1
0.003967 1
0.006900 1
0.005168 1
0.005436 1
0.009909 1
0.006292 1
0.053869 1
0.005428 1
0.000113 1
0.005213 1
0.010240 1
0.019543 1
0.046398 1
0.012725 1
0.002035 1
0.005943 2
0.805112 1
0.039583 1
0.039393 1
0.021088 1
0.019542 1
0.019790 1
0.020141 1
0.027516 2
0.016621 1
0.010999 1
0.005481 1
0.015935 1
0.005434 1
0.014108 1
0.016964 1
0.005350 2
0.015448 1
0.020185 1
0.017892 1
0.047844 1
0.009789 1
0.007274 1
0.002093 1
0.007510 2
0.006828 1
0.038599 1
0.005499 1
0.005355 1
0.005473 1
0.017490 1
0.018115 15
0.060180 10
0.007945 1
0.000024 1
0.005605 1
0.005470 1
0.005070 1
0.005612 1
0.030222 1
0.006084 1
0.029061 2
0.005460 1
0.005883 1
0.005039 1
0.025583 1
0.041649 1
0.005698 1
0.019824 1
0.005529 2
0.005228 1
0.005455 1
0.017223 1
0.028451 1
0.019759 1
0.005887 1
0.005972 1
0.004964 2
0.047169 1
0.005498 1
0.019777 1
0.018778 1
0.005579 1
0.006397 1
0.004636 1
0.005495 2
0.039527 1
0.269756 43
0.000073 1
0.029089 1
0.005380 1
0.041686 1
0.005236 2
0.006181 1
0.004910 1
0.005445 1
0.005594 1
0.046607 1
0.019973 1
0.005419 1
0.005172 2
0.211027 1
0.043620 1
0.013525 1
0.019147 1
0.006030 1
0.017006 1
0.017737 1
0.018978 2
0.005968 1
0.020034 1
0.013003 1
0.004301 1
0.020054 1
0.016811 1
0.023995 1
0.014343 2
0.019424 1
0.018806 1
0.018997 1
0.019652 1
0.019273 1
0.019441 1
0.019536 1
0.019313 2
0.019639 1
0.018792 1
0.020325 1
0.019158 1
0.019207 1
0.019428 1
0.019539 5
0.019005 10
0.000354 2
0.006757 9
0.001963 2
0.011189 1
0.003501 1
0.005661 1
0.072201 1
0.005276 1
0.005772 2
0.005679 1
0.005512 1
0.012412 1
0.051894 1
0.005571 1
0.005460 1
0.005769 1
0.005467 2
0.005571 1
0.006047 1
0.054457 1
0.005832 1
0.027033 1
0.005256 1
0.005884 1
0.014220 2
0.027666 1
0.005191 1
0.022369 1
0.006152 1
0.005095 1
0.005700 1
0.005633 1
0.037426 2
0.027174 1
0.024634 1
0.004316 1
0.005493 1
0.010584 1
0.013840 1
0.022567 4
0.036440 1
0.003349 1
0.009765 1
0.015415 1
0.025794 1
0.042315 5
0.006569 6
0.000545 4
0.000093 10
0.003849 1
0.000016 1
0.005392 1
0.005659 1
0.016090 1
0.041263 1
0.005445 1
0.005633 1
0.005624 2
0.006016 1
0.005429 1
0.022779 1
0.060559 1
0.006335 1
0.005144 1
0.009340 1
0.004506 2
0.004470 1
0.031986 1
0.007638 1
0.020971 1
0.005661 1
0.005910 1
0.007522 1
0.003339 1
0.060156 1
0.000318 1
0.004690 1
0.023824 1
0.005427 1
0.004887 1
0.009225 1
0.012885 1
0.023830 2
0.023215 1
0.005809 1
0.005162 1
0.005841 1
0.005290 1
0.042445 1
0.005531 1
0.040165 2
0.005552 1
0.005365 1
0.005957 1
0.005839 1
0.005503 1
0.033300 1
0.025218 15
0.005091 11
0.304555 1
0.039061 1
0.046185 1
0.022111 1
0.024113 1
0.016305 5
0.203708 2
0.000773 1
0.003195 2
0.001335 1
0.003233 2
0.000984 14
0.547731 2
0.002066 2
0.019301 1
0.042141 2
0.109099 1
0.004485 1
0.005018 1
0.010372 1
0.001573 2
0.186109 1
0.051919 16
0.000645 4
0.065967 15
0.000198 1
0.070502 1
0.006270 1
0.004519 2
0.005642 2
0.011832 1
0.005517 2
0.182028 1
0.003328 1
0.005408 2
0.102614 1
0.020883 1
0.018750 1
0.019163 1
0.018424 1
0.019555 1
0.027266 1
0.019265 2
0.019345 1
0.019617 1
0.019842 1
0.019426 1
0.018547 1
0.019303 1
0.021044 1
0.017824 2
0.018856 1
0.019450 1
0.019364 1
0.019218 1
0.019168 1
0.020309 1
0.018461 1
0.019385 2
0.019007 1
0.020328 1
0.018944 1
0.020647 1
0.022790 1
0.014994 1
0.020240 15
0.018414 11
0.170499 1
0.016296 1
0.019175 1
0.016362 1
0.005432 1
0.017609 1
0.018902 1
0.031561 2
0.005991 1
0.005652 1
0.019858 1
0.016157 1
0.015949 1
0.006324 1
0.030304 1
0.004517 2
0.013439 1
0.008978 1
0.017279 1
0.030530 1
0.005320 1
0.008404 1
0.017014 1
0.015978 1
0.016513 1
0.000247 1
0.016478 1
0.019750 1
0.005160 1
0.013671 1
0.018489 1
0.007094 1
0.032297 1
0.043063 1
0.000029 1
0.015298 1
0.005461 1
0.017440 1
0.016942 1
0.005113 1
0.017453 1
0.018422 1
0.004836 1
0.001202 1
0.014575 1
0.017756 1
0.038030 1
0.013139 1
0.005761 1
0.015517 15
0.006493 9
0.017564 2
0.001251 1
0.015684 1
0.008424 1
0.013842 1
0.016435 1
0.003842 1
0.017258 1
0.036570 2
0.005955 1
0.014078 1
0.012741 1
0.007350 1
0.018438 1
0.006527 1
0.014548 1
0.017208 2
0.295877 1
0.028482 1
0.018990 1
0.015410 1
0.019731 1
0.018111 1
0.019408 1
0.019599 2
0.017893 1
0.019163 1
0.018821 1
0.024264 1
0.024855 1
0.009209 1
0.019308 1
0.019079 2
0.021315 1
0.017393 1
0.019850 1
0.019514 1
0.019601 1
0.019496 1
0.026906 1
0.010674 2
0.019951 1
0.026999 1
0.005570 1
0.023892 1
0.015779 1
0.017041 1
0.018433 15
0.020076 11
0.258345 1
0.020134 1
0.020119 1
0.018558 1
0.018403 1
0.019038 1
0.019497 1
0.018964 2
0.019185 1
0.025820 1
0.013184 1
0.019205 1
0.018806 1
0.019371 1
0.019780 1
0.018688 2
0.020379 1
0.020599 1
0.019202 1
0.026002 1
0.013342 1
0.020600 1
0.018106 1
0.012313 1
0.021347 1
0.000106 1
0.018866 1
0.007025 1
0.019651 1
0.019658 1
0.020140 1
0.018704 1
0.019548 2
0.173257 1
0.017987 1
0.018155 1
0.017040 1
0.005356 1
0.017133 1
0.017090 1
0.005968 2
0.022214 1
0.012644 1
0.003800 1
0.018675 1
0.016911 1
0.015699 1
0.019050 5
0.005475 10
0.000028 10
0.016795 1
0.000194 1
0.015704 1
0.006301 1
0.018059 1
0.016796 1
0.005940 1
0.015839 1
0.016905 2
0.018246 1
0.005704 1
0.015648 1
0.018602 1
0.016181 1
0.005849 1
0.017148 1
0.017365 2
0.005683 1
0.016390 1
0.054099 1
0.006281 1
0.006613 1
0.004490 1
0.005530 1
0.013812 2
0.005770 1
0.046007 1
0.005367 1
0.008739 1
0.003352 1
0.008549 1
0.007649 1
0.053273 2
0.020395 1
0.005308 1
0.005550 1
0.005413 1
0.005929 1
0.006551 1
0.039169 1
0.024806 2
0.005249 1
0.005732 1
0.006932 1
0.037468 1
0.007629 1
0.019315 1
0.022409 5
0.011229 10
0.000804 11
0.004775 1
0.005298 1
0.003748 1
0.019367 1
0.024996 1
0.023664 1
0.005214 1
0.005815 2
0.022987 1
0.019070 1
0.037746 1
0.005804 1
0.005929 1
0.005333 1
0.005161 1
0.005756 2
0.007045 1
0.025430 1
0.042526 1
0.006198 1
0.005030 1
0.005587 1
0.015332 1
0.055060 2
0.005451 1
0.007438 1
0.003572 1
0.005666 1
0.005951 1
0.005331 1
0.026586 1
0.043886 2
0.006764 1
0.005399 1
0.006734 1
0.008486 1
0.044413 1
0.024224 1
0.005544 1
0.005380 2
0.005544 1
0.005641 1
0.005531 1
0.028498 1
0.023360 1
0.022216 1
0.005761 15
0.005671 11
0.005576 1
0.038217 1
0.017776 1
0.020738 1
0.005615 1
0.005602 1
0.005493 1
0.006664 2
0.009956 1
0.023972 1
0.038947 1
0.005503 1
0.005649 1
0.005863 1
0.019769 1
0.016991 2
0.043173 1
0.005234 1
0.005647 1
0.005693 1
0.005843 1
0.007025 1
0.007773 1
0.063307 2
0.005175 1
0.005406 1
0.003488 1
0.002778 1
0.012220 1
0.063036 1
0.003366 1
0.006030 2
0.004551 1
0.005837 1
0.005756 1
0.005566 1
0.042566 1
0.025663 1
0.005072 1
0.005642 2
0.006469 1
0.005100 1
0.049398 1
0.004700 1
0.024319 1
0.005271 1
0.006180 15
0.005586 11
0.005942 1
0.008083 1
0.041305 1
0.023839 1
0.005398 1
0.005598 1
0.005655 1
0.005544 2
0.029281 1
0.043386 1
0.008970 1
0.003937 1
0.008447 1
0.003447 1
0.003909 1
0.022243 2
0.012807 1
0.038570 1
0.005426 1
0.005435 1
0.005774 1
0.008143 1
0.006576 1
0.064185 2
0.004238 1
0.005366 1
0.005823 1
0.006897 1
0.003938 1
0.005626 1
0.062794 1
0.005298 2
0.213960 1
0.038582 1
0.018915 1
0.005536 1
0.017584 1
0.016959 1
0.016777 1
0.005903 2
0.016969 1
0.016888 1
0.005386 1
0.017337 1
0.016595 1
0.019026 1
0.019603 15
0.019163 11
0.019361 1
0.019276 1
0.018624 1
0.020588 1
0.025448 1
0.011710 1
0.019418 1
0.019337 2
0.019710 1
0.019447 1
0.005094 1
0.017019 1
0.016733 1
0.018923 1
0.024417 1
0.005214 1
0.196293 1
0.000022 1
0.020672 1
0.012893 1
0.005230 1
0.016731 1
0.005265 1
0.018101 1
0.016779 2
0.018183 1
0.010820 1
0.014772 1
0.023756 1
0.004909 1
0.019647 1
0.014223 1
0.005406 2
0.017083 1
0.016192 1
0.005837 1
0.016363 1
0.017041 1
0.006794 1
0.016372 1
0.016466 2
0.016868 1
0.005768 1
0.017651 1
0.006168 1
0.020161 1
0.011852 1
0.005606 15
0.016892 9
0.127940 2
0.000023 1
0.015515 1
0.005420 1
0.016513 1
0.017473 1
0.004992 1
0.022580 1
0.010857 2
0.006145 1
0.017416 1
0.016866 1
0.005313 1
0.017399 1
0.017116 1
0.005794 1
0.016679 2
0.017544 1
0.005440 1
0.017972 1
0.014308 1
0.005367 1
0.016753 1
0.016942 1
0.005501 2
0.015996 1
0.020483 1
0.014557 1
0.006894 1
0.014016 1
0.023637 1
0.005526 1
0.016511 2
0.264642 1
0.020657 1
0.018902 1
0.062872 1
0.004848 1
0.013394 1
0.017382 1
0.018727 2
0.022415 1
0.014805 1
0.026426 1
0.012337 1
0.019417 1
0.029006 1
0.010564 15
0.021893 11
0.017013 1
0.020925 1
0.021466 1
0.022997 1
0.028814 1
0.013643 1
0.026898 1
0.014939 2
0.016857 1
0.017641 1
0.019270 1
0.020747 1
0.018217 1
0.019022 1
0.019916 1
0.041475 1
0.098414 1
0.000021 1
0.016485 1
0.019301 1
0.020623 1
0.016392 1
0.005462 1
0.018348 1
0.015878 2
0.005428 1
0.016823 1
0.022269 1
0.000315 1
0.022617 1
0.011749 1
0.005059 1
0.016363 2
0.017284 1
0.004790 1
0.016959 1
0.017830 1
0.004880 1
0.017159 1
0.016791 1
0.004778 2
0.017717 1
0.016166 1
0.005417 1
0.017277 1
0.016786 1
0.013002 1
0.009396 1
0.023735 14
0.000180 11
0.070687 1
0.016169 1
0.005191 1
0.016730 2
0.022515 1
0.016104 1
0.016886 1
0.005337 2
0.019002 1
0.014027 1
0.005777 1
0.016357 1
0.020775 1
0.009085 1
0.009562 2
0.016458 1
0.005463 1
0.017652 1
0.017690 1
0.004694 1
0.017793 1
0.020715 1
0.009883 2
0.012597 1
0.017523 1
0.009076 1
0.014458 1
0.015218 1
0.008187 1
0.012595 1
0.021020 2
0.237204 2
0.000916 3
0.001955 1
0.000623 1
0.005859 2
0.005424 1
0.027436 1
0.010765 1
0.005389 1
0.016313 1
0.021713 1
0.029785 15
0.045670 10
0.011100 1
0.001017 1
0.004394 1
0.005497 1
0.009439 1
0.001893 1
0.005403 1
0.005614 1
0.006607 2
0.009681 1
0.017460 1
0.006251 1
0.038519 1
0.008486 1
0.074606 1
0.005331 1
0.005073 1
0.005931 1
0.000704 1
0.004648 1
0.005571 1
0.005421 1
0.005918 1
0.005215 1
0.005514 1
0.006241 2
0.124888 2
0.013856 1
0.003386 1
0.004278 1
0.005587 1
0.005754 1
0.005449 2
0.005548 1
0.005543 1
0.005726 1
0.005386 1
0.125406 1
0.005411 1
0.005364 1
0.005352 2
0.005693 1
0.005754 1
0.005559 1
0.005495 1
0.007724 1
0.010224 1
0.004957 15
0.117945 11
0.006940 1
0.004729 1
0.005911 1
0.005428 1
0.005789 1
0.005254 1
0.005554 1
0.005469 2
0.005648 1
0.006090 1
0.005383 1
0.005484 1
0.007060 1
0.105343 1
0.005183 1
0.022917 2
0.005620 1
0.006332 1
0.004800 1
0.005667 1
0.005323 1
0.005672 1
0.005563 1
0.005571 2
0.123366 1
0.006372 1
0.006233 1
0.004038 1
0.005893 1
0.005376 1
0.005611 1
0.005388 2
0.005758 1
0.005877 1
0.005166 1
0.005448 1
0.123422 1
0.005105 1
0.005619 1
0.005438 2
0.008010 1
0.003406 1
0.005775 1
0.005181 1
0.005465 1
0.005941 1
0.005480 14
0.124337 9
0.004892 2
0.000349 1
0.005345 1
0.005783 1
0.004940 1
0.005499 1
0.005772 1
0.005698 1
0.005352 2
0.005824 1
0.005506 1
0.123059 1
0.005224 1
0.005544 1
0.005440 1
0.005535 1
0.005632 2
0.005415 1
0.005588 1
0.005610 1
0.005851 1
0.006067 1
0.015550 1
0.100229 1
0.005773 1
0.005253 1
0.001413 1
0.018357 1
0.005344 1
0.005691 1
0.008924 1
0.008453 1
0.003508 1
0.003222 1
0.003470 1
0.000244 1
0.005324 2
0.103395 1
0.004844 1
0.031395 1
0.005723 1
0.005273 2
0.005613 1
0.005542 1
0.006735 1
0.005890 1
0.005045 1
0.004942 1
0.005478 14
0.085254 11
0.197086 1
0.056631 1
0.038337 1
0.021760 1
0.036979 1
0.020296 1
0.037904 1
0.022584 2
0.035937 1
0.019952 1
0.036744 1
0.021374 1
0.037079 1
0.021434 1
0.036659 1
0.021381 2
0.036372 1
0.020377 1
0.021017 1
0.020020 1
0.035766 1
0.036972 1
0.021600 1
0.020401 2
0.036903 1
0.020611 1
0.019745 1
0.036937 1
0.020917 1
0.020513 1
0.035922 1
0.020668 1
0.341670 1
0.000686 1
0.021550 1
0.035365 1
0.020626 1
0.037185 1
0.021650 1
0.036598 1
0.035400 2
0.033927 1
0.021643 1
0.042244 1
0.015599 1
0.036125 1
0.021349 1
0.036362 14
0.026654 11
0.036350 1
0.022481 1
0.035807 1
0.027482 1
0.032435 1
0.018416 1
0.019961 1
0.037194 2
0.021539 1
0.036405 1
0.020749 1
0.036991 1
0.025602 1
0.032727 1
0.020069 1
0.044818 2
0.205494 1
0.019495 1
0.037968 1
0.020644 1
0.037347 1
0.020818 1
0.037498 1
0.024295 2
0.019564 1
0.032818 1
0.021382 1
0.020281 1
0.035890 1
0.020841 1
0.021887 1
0.034870 2
0.019742 1
0.022770 1
0.020824 1
0.018074 1
0.036540 1
0.020533 1
0.020747 1
0.019832 2
0.022548 1
0.032941 1
0.020451 1
0.021060 1
0.024766 1
0.018772 1
0.018649 14
0.020299 10
0.359945 1
0.000648 1
0.021209 1
0.038114 1
0.025706 1
0.034646 1
0.020256 1
0.043047 1
0.017726 2
0.036259 1
0.022128 1
0.038307 1
0.023139 1
0.031366 1
0.029361 1
0.020510 1
0.037624 2
0.021069 1
0.020795 1
0.036384 1
0.021144 1
0.020307 1
0.042904 1
0.014292 1
0.020971 2
0.036335 1
0.020882 1
0.021939 1
0.036387 1
0.021603 1
0.019340 1
0.020369 1
0.044010 2
0.127369 1
0.016511 1
0.022528 1
0.019993 1
0.020195 1
0.041658 1
0.016562 1
0.020118 2
0.022048 1
0.038393 1
0.020259 1
0.021703 1
0.022577 1
0.023050 1
0.039968 14
0.024273 11
0.020558 1
0.015775 1
0.021188 1
0.022500 1
0.016346 1
0.034476 1
0.020884 1
0.021131 2
0.035384 1
0.019515 1
0.025579 1
0.016701 1
0.027842 1
0.009368 1
0.018605 1
0.021623 2
0.062609 1
0.012255 1
0.040330 1
0.012492 1
0.022829 1
0.023564 1
0.013760 1
0.020124 2
0.020637 1
0.018636 1
0.019927 1
0.019782 1
0.023034 1
0.018225 1
0.020114 1
0.019795 2
0.020295 1
0.024686 1
0.014707 1
0.018897 1
0.019657 1
0.019737 1
0.019156 1
0.019546 2
0.019182 1
0.019621 1
0.019391 1
0.019048 1
0.019267 1
0.019368 1
0.025664 14
0.016208 10
0.058615 1
0.000363 1
0.017958 1
0.019366 1
0.019228 1
0.019228 1
0.019729 1
0.019359 1
0.019152 2
0.019177 1
0.023594 1
0.019042 1
0.020823 1
0.016587 1
0.021430 1
0.018288 1
0.017996 2
0.019448 1
0.019520 1
0.019153 1
0.019099 1
0.019778 1
0.039316 1
0.015757 1
0.016258 2
0.020503 1
0.019045 1
0.019559 1
0.019053 1
0.019181 1
0.019263 1
0.022039 1
0.019194 2
0.150757 1
0.298511 28
0.000076 11
0.009534 1
0.019403 1
0.019553 1
0.019578 1
0.018683 1
0.027096 1
0.012403 1
0.020229 2
0.018199 1
0.019271 1
0.019198 1
0.019678 1
0.019324 1
0.019578 1
0.019788 1
0.017923 2
0.008241 1
0.005551 1
0.005668 1
0.005405 1
0.011238 1
0.079888 1
0.005865 1
0.005189 2
0.005699 1
0.005448 1
0.032106 1
0.019231 1
0.005497 1
0.005551 1
0.006648 1
0.004582 2
0.005754 1
0.069887 1
0.005929 1
0.025109 1
0.003466 1
0.002453 1
0.004761 1
0.030542 2
0.006628 7
0.006303 18
0.001063 148
0.006698 37
0.012751 24
15.215762 39
0.097595 42
1.213205 50
0.336572 53
0.236973 61
0.234972 42
0.211560 52
0.083563 44
0.231805 45
0.235280 51
0.558398 32
1.759286 59
3.127256 13
0.799544 39
