0.771567 29
6.019577 64
0.008174 64
0.022160 66
0.125541 101
0.459263 37
0.000522 23
0.226264 6
0.405164 136
0.015249 573
0.025362 65
0.023278 103
0.092973 14
0.004083 68
0.500377 80
0.500614 184
0.003863 61
0.500103 31
0.500570 61
0.502583 30
0.498525 30
0.500527 30
0.501188 30
0.499457 61
0.500712 63
0.500228 112
0.500764 80
0.500994 80
0.500639 80
0.500293 80
0.499970 80
0.501126 80
0.500557 80
0.500060 80
0.500271 80
0.500589 80
0.509581 80
0.492059 80
0.500450 80
0.500046 80
0.500649 80
0.501045 80
0.500492 80
0.499982 349
0.052012 80
0.501369 80
0.500909 80
0.500147 80
0.500936 80
0.500202 80
0.500781 80
0.066595 270
0.002186 80
0.500963 80
0.501665 80
0.498877 80
0.501149 359
0.469658 80
0.581825 607
0.000043 80
0.289112 269
0.000767 351
0.454805 80
0.319267 280
0.001364 351
0.025269 348
0.037358 80
0.003132 274
0.000071 80
0.014783 277
0.001129 355
0.000997 350
0.019838 352
0.102902 80
0.133950 275
0.000034 80
0.054372 275
0.000839 80
0.036393 273
0.193801 347
0.023117 352
0.007563 80
0.499050 80
0.114197 270
0.000529 80
0.002680 273
0.000261 80
0.501469 80
0.499983 80
0.501007 348
0.315467 372
0.016612 80
0.501176 80
0.500671 80
0.499774 80
0.503359 80
0.498390 80
0.501826 80
0.499182 80
0.500776 80
0.499830 80
0.501875 80
0.499704 80
0.500477 80
0.500606 80
0.500986 80
0.500082 80
0.499871 80
0.501185 80
0.500915 80
0.500130 80
0.500628 80
0.500504 80
0.499906 80
0.501193 80
0.500558 80
0.500449 80
0.500582 80
0.500628 80
0.500504 80
0.500066 80
0.501340 80
0.499714 80
0.501268 355
0.051909 345
0.013994 366
0.338593 80
0.001903 277
0.000012 360
0.011201 357
0.004305 357
0.082898 360
0.049158 361
0.002109 360
0.003469 80
0.500884 361
0.162873 344
0.104458 80
0.500778 80
0.500982 347
0.431778 80
0.500964 80
0.166811 264
0.000012 342
0.087578 80
0.500242 80
0.503532 80
0.498151 80
0.500630 80
0.500344 80
0.500707 80
0.500568 80
0.500442 80
0.500644 80
0.500601 80
0.500504 80
0.500511 80
0.500595 80
0.500783 80
0.500204 80
0.500529 80
0.500515 80
0.383621 649
0.000787 80
0.501657 80
0.499870 80
0.501230 80
0.499835 80
0.501395 80
0.499741 80
0.501178 80
0.500061 80
0.500968 80
0.500075 373
0.118911 923
0.238282 40
0.440109 43
0.106530 29
0.024529 22
3.304090 337
0.004526 26
0.005951 26
0.003528 26
0.032097 26
0.003190 26
0.046846 26
0.004018 101
0.006123 94
0.013518 32
0.064531 104
9.296304 37
0.211114 36
11.246535 46
4.738616 22
1.119973 337
0.004284 26
0.006200 26
0.003223 26
0.030996 26
0.003281 26
0.045926 26
0.003553 101
0.008623 108
0.012839 40
0.054144 125
8.932888 42
0.054950 57
2.492291 38
0.800697 47
0.298638 22
2.253880 337
0.004429 26
0.005738 26
0.003952 26
0.030078 26
0.003153 26
0.044316 26
0.003339 101
0.008079 94
0.013879 32
0.335064 36
0.233359 41
3.438678 22
1.466314 337
0.004707 26
0.005631 26
0.003395 26
0.031024 26
0.003369 26
0.045552 26
0.003352 101
0.008241 96
0.013880 33
0.060612 42
2.319264 36
0.649672 42
3.076919 22
8.363920 337
0.004481 26
0.006002 26
0.003164 26
0.032121 26
0.003331 26
0.044506 26
0.003350 101
0.008066 103
0.013563 31
0.065337 36
3.596955 46
4.069231 76
0.062144 94
0.142565 93
0.004814 101
0.003360 164
0.003574 22
1.800582 337
0.004538 26
0.005755 26
0.003201 26
0.030698 26
0.003220 26
0.045150 26
0.003459 101
0.008031 107
0.013738 39
0.049087 48
3.796290 38
1.733587 47
0.017625 22
1.396731 337
0.004284 26
0.005858 26
0.003179 26
0.032815 26
0.003237 26
0.044737 26
0.003539 101
0.007861 125
0.013385 42
0.048757 108
1.003760 39
0.036767 100
0.689368 35
0.037865 112
0.227257 41
0.038025 118
0.245567 44
0.037836 114
0.225560 42
0.042191 106
0.218900 39
0.041282 110
0.582790 39
0.037761 114
1.413999 43
0.037319 112
0.490098 44
0.040796 114
0.537057 39
0.038768 98
1.575566 35
0.039546 110
0.597938 36
0.040885 103
0.758882 36
0.040827 112
0.941445 35
0.040064 100
0.916937 36
0.034510 193
4.752232 115
60.356206 37
0.037660 96
0.812562 32
1.530908 135
1.202789 47
0.048654 122
0.181084 36
0.047311 126
1.162355 38
0.047528 122
0.233975 36
0.050773 122
0.282248 36
0.036585 126
0.483860 38
0.041385 128
0.679191 39
0.037351 126
0.843658 38
0.039888 128
0.266437 39
0.035992 94
0.555364 32
0.052176 99
0.908909 35
0.039501 92
0.561922 32
0.039534 90
0.940181 42
0.036998 136
28.540436 59
0.045755 65
0.701195 101
0.026487 73
35.560275 119
0.052936 140
7.269323 61
0.136003 124
0.195714 53
0.056975 36
0.114717 40
4.426133 46
0.524036 57
1.084408 48
0.393060 44
0.084202 50
0.085041 53
0.085459 51
0.078513 47
0.076932 49
0.094734 52
0.076028 51
0.080027 52
0.075715 43
0.039778 49
0.082745 46
0.074999 50
0.395633 45
0.085058 68
0.075302 17
0.071224 64
1.445809 35
0.039403 110
0.002005 109
0.083818 64
0.413635 109
27.957302 108
0.006026 25
5.900067 51
2.320605 55
0.019351 51
0.835473 55
0.025970 46
1.165468 6
0.580088 52
0.056939 42
0.047828 62
0.508140 54
0.039935 54
0.421961 56
0.095063 57
0.087572 57
0.078491 56
0.070954 56
0.079132 54
0.039095 41
0.038021 44
0.379688 41
0.067035 40
0.038659 62
0.036421 62
0.037777 70
0.037770 64
0.044920 56
0.035558 49
0.040558 41
0.054569 38
0.103899 47
0.295481 36
