0.466838 29
6.265750 64
0.008259 64
0.022205 66
0.140196 101
0.457805 37
0.000654 23
0.295320 6
0.580590 1075
0.049415 65
0.034240 103
0.150882 14
0.004729 47
0.500795 34
0.501901 34
0.499697 34
0.499387 34
0.501003 34
0.500617 34
0.500256 34
0.500823 34
0.500427 34
0.500594 203
0.163324 210
0.059510 198
0.012598 208
0.092306 230
0.014254 227
0.001179 51
0.019590 151
0.036798 218
0.013776 47
0.004993 155
0.099852 45
0.077404 163
0.212330 374
0.274294 80
0.500699 355
0.307821 339
0.008450 80
0.006399 260
0.025275 80
0.003111 273
0.071243 338
0.028727 80
0.094934 259
0.019902 356
0.014623 80
0.011417 265
0.034843 80
0.004008 265
0.031523 335
0.202380 80
0.065418 266
0.053860 80
0.001385 612
0.083494 339
0.151243 80
0.014486 259
0.025998 342
0.274720 350
0.328441 345
0.052996 351
0.070234 80
0.008320 258
0.010763 80
0.006923 270
0.025155 80
0.002516 266
0.026637 343
0.171089 351
0.436236 350
0.251918 354
0.005479 80
0.014395 273
0.020538 80
0.005004 265
0.028193 357
0.053256 351
0.008207 80
0.020236 269
0.022180 80
0.027881 268
0.007803 80
0.101424 270
0.000100 342
0.023181 345
0.003415 80
0.068447 259
0.037052 263
0.036123 80
0.000051 351
0.031873 342
0.034661 350
0.001995 80
0.000625 273
0.000303 353
0.040954 342
0.054514 341
0.001171 345
0.272513 347
0.063123 80
0.501035 80
0.500296 80
0.500668 80
0.261897 268
0.008437 80
0.009791 338
0.025478 257
0.047665 350
0.218434 337
0.228473 80
0.122248 258
0.000517 358
0.004683 80
0.001830 260
0.118127 80
0.006236 261
0.019487 339
0.029903 349
0.000605 353
0.034323 80
0.000996 266
0.020705 80
0.010269 258
0.109886 337
0.019457 80
0.001233 262
0.044429 80
0.500568 353
0.031513 340
0.033132 341
0.006394 339
0.118970 346
0.024304 80
0.001600 266
0.000974 528
0.059733 40
1.026725 40
0.144771 43
0.092558 29
0.027295 22
1.094248 311
0.011790 26
0.210896 26
0.179759 26
0.114543 26
0.169976 26
0.187814 26
0.211361 26
0.191741 101
0.213238 94
0.014131 38
0.273216 36
0.760457 42
0.717334 56
0.628174 56
0.654585 45
0.160695 64
0.116624 42
20.429066 54
0.347763 58
0.059700 60
0.067044 56
1.253559 56
0.303295 45
0.136125 64
0.088298 22
15.782836 311
0.007497 26
0.071314 26
0.006947 26
0.002744 26
0.004720 26
0.005960 26
0.004357 26
0.007761 101
0.006361 108
0.014437 35
0.279450 98
0.975935 36
0.186606 106
0.840206 40
0.153549 116
0.491656 47
0.154791 106
0.609298 43
0.174959 78
0.736790 36
0.184783 118
0.733802 39
0.175038 92
0.685432 35
0.162892 100
0.801893 36
0.160795 40
0.656854 46
0.070632 36
0.060087 44
2.980608 22
1.509065 311
0.005505 26
0.072399 26
0.007114 26
0.002595 26
0.005874 26
0.004791 26
0.004496 26
0.007488 101
0.006995 94
0.014150 33
1.089575 41
1.637343 38
1.078596 47
0.000045 22
0.827236 311
0.005230 26
0.073420 26
0.006619 26
0.002593 26
0.005625 26
0.005381 26
0.004661 26
0.007538 101
0.006289 124
0.014470 42
0.176223 94
0.580614 36
0.170719 36
0.278851 43
1.880013 22
1.212726 311
0.004219 26
0.072457 26
0.006772 26
0.002511 26
0.005834 26
0.005329 26
0.004713 26
0.007506 101
0.006227 94
0.014606 36
0.160782 124
0.484522 45
0.159921 92
0.784640 51
0.130651 13
0.003539 33
0.137632 92
0.961475 34
0.191262 128
0.855863 46
0.179571 106
0.576765 35
0.185227 106
0.677568 40
0.195486 86
0.821488 75
0.278809 32
0.050018 106
0.938517 40
0.152721 96
0.600134 35
0.168793 120
0.626355 34
0.187928 36
0.795767 40
5.116974 43
0.822259 48
0.396287 42
0.321451 57
0.319635 50
0.235555 47
0.696760 39
0.225546 53
0.136057 56
0.235344 47
0.220880 41
0.272790 68
0.123895 54
1.304432 49
0.739520 56
0.491797 38
0.152883 19
0.704578 35
0.023349 77
0.051729 56
0.102494 43
0.160908 56
0.465976 34
0.110781 54
0.817882 38
2.201168 47
0.061123 45
0.109019 64
0.090310 22
16.150143 103
0.005598 208
0.000462 26
0.072992 26
0.006676 26
0.005951 26
0.003777 26
0.006210 26
0.003687 26
0.007558 101
0.006085 94
0.014662 19
0.135460 32
0.146678 92
0.981911 32
0.216722 36
0.802549 40
2.538570 41
0.837158 22
1.505556 155
0.006114 156
0.000388 26
0.072867 26
0.006740 26
0.004233 26
0.004178 26
0.005963 26
0.004576 26
0.007504 101
0.006233 98
0.014348 37
0.233967 42
1.090025 36
0.375954 44
2.366510 22
1.183096 311
0.005477 26
0.072924 26
0.006189 26
0.004402 26
0.004642 26
0.005722 26
0.004791 26
0.007420 101
0.006152 118
0.014547 33
0.237870 36
0.694210 53
4.519180 22
1.578877 311
0.006031 26
0.074240 26
0.005947 26
0.003931 26
0.004964 26
0.006061 26
0.004908 26
0.007810 101
0.006324 106
0.014772 40
0.165617 118
0.675490 35
0.218002 94
0.974443 38
0.244123 107
1.275442 41
0.169721 106
0.666822 40
0.195612 100
0.751752 37
0.326571 116
1.381384 45
0.275878 36
0.691287 40
1.344166 53
0.776585 22
2.165426 311
0.005909 26
0.073385 26
0.004980 26
0.004272 26
0.005619 26
0.005666 26
0.004562 26
0.007627 101
0.006301 116
0.014254 43
0.192800 124
0.669746 47
0.169555 115
0.600017 49
0.171723 108
0.708989 52
0.540656 121
0.902831 44
0.177349 109
0.654949 38
0.167608 114
0.634820 41
0.211306 112
0.652157 45
0.187780 118
0.819026 35
0.301963 100
0.844799 40
0.201312 106
0.866984 38
0.201108 98
0.917801 36
0.185913 104
0.762025 37
0.211240 122
0.793300 50
0.236317 100
0.813680 42
0.185639 36
0.371614 45
1.376774 64
0.093298 46
16.027705 94
0.308465 93
0.004765 109
0.016621 214
0.003859 39
0.002689 22
0.877313 155
0.005822 156
0.000412 26
0.072922 26
0.005449 26
0.003970 26
0.006139 26
0.005188 26
0.006912 26
0.004934 101
0.006794 118
0.014616 45
0.184367 53
1.032441 22
1.210487 311
0.004823 26
0.073719 26
0.005085 26
0.003917 26
0.006012 26
0.005275 26
0.009225 26
0.002537 101
0.006833 124
0.014349 43
0.200780 124
0.715651 43
0.186117 100
0.669824 39
0.429937 98
0.635928 31
0.211243 108
0.741937 36
0.204473 112
0.659853 39
0.229314 112
3.631139 38
0.244729 92
0.812529 42
0.235854 92
0.539336 36
0.236915 118
0.887693 42
0.218206 85
1.013733 34
0.284923 90
0.784795 34
0.193910 134
0.660214 54
0.211118 94
0.634657 34
0.179281 92
0.661057 37
0.448969 94
0.570024 43
0.186057 117
0.582950 47
0.451413 126
0.700144 49
0.411307 110
1.295534 41
0.420673 96
0.723301 21
0.137903 34
0.371713 90
0.763387 43
0.179678 98
0.684122 36
0.196185 120
1.083047 44
0.471279 94
0.858988 35
0.177413 98
0.610338 37
0.162410 94
0.574651 35
0.178024 103
0.733923 47
0.186574 108
0.653471 41
0.193219 80
0.736823 26
0.291609 39
0.126126 40
0.393487 41
0.795725 67
0.821831 56
0.045017 51
0.039899 13
0.005872 41
0.392887 41
0.288379 61
0.314861 35
0.530122 48
0.096984 53
0.354714 42
0.441733 76
0.603036 74
0.066503 52
0.901402 45
0.263088 48
2.545464 55
0.321630 56
0.311622 52
0.320935 50
0.345768 53
2.118211 59
0.319976 52
0.236392 53
0.421584 56
0.529957 44
0.394477 48
0.177680 42
0.246419 46
0.261025 56
0.339767 56
0.797439 56
0.178642 46
1.543417 50
0.437316 51
0.313710 38
0.176856 43
0.384356 48
0.655669 41
0.534255 42
0.176142 53
0.476886 40
0.187081 39
0.652245 61
4.777336 56
0.312352 42
0.099520 44
0.171341 52
0.621230 58
0.800510 50
0.418527 43
0.581242 22
0.596698 41
0.743129 44
0.152282 56
0.358810 44
1.100578 42
0.244561 43
0.269620 50
0.153252 49
1.211003 36
0.391174 70
0.067494 27
0.250637 47
0.103447 56
0.151279 58
0.103485 51
0.236413 40
0.227351 42
0.146105 45
0.275929 64
0.124615 38
15.127796 47
0.068756 40
0.142583 35
