0.867095 29
0.361217 29
0.062476 29
0.044528 58
0.113142 58
0.001105 58
0.011722 60
0.492705 30
0.098773 60
0.069037 30
0.001465 30
0.000251 60
0.011672 60
0.383258 60
0.054029 60
0.003374 60
0.004723 30
0.000245 30
0.000062 60
0.000415 60
0.160860 30
0.001261 30
0.000160 30
0.235475 60
0.029179 60
0.000859 60
0.000554 60
0.012512 60
0.044273 60
0.000620 30
0.000492 30
0.000088 60
0.010290 60
0.017634 60
0.000129 60
0.000216 60
0.003640 60
0.000547 30
0.000167 30
0.000164 60
0.005497 60
0.000634 60
0.000349 30
0.000166 30
0.000161 60
0.003540 60
0.000476 30
0.000168 30
0.000106 60
0.000259 30
0.000086 30
0.000162 30
0.001169 30
0.000138 60
0.229549 60
0.001759 60
0.002425 60
0.024488 60
0.068226 60
0.001708 30
0.002083 30
0.000072 60
0.018532 30
0.035248 30
0.000092 30
0.002829 30
0.000126 30
0.001030 30
0.000072 60
0.000065 30
0.000376 30
0.000064 60
0.008506 60
1.631301 30
0.018676 31
0.902585 2
0.000378 32
0.026415 32
0.000232 32
0.000325 33
0.043201 33
0.000142 33
0.179447 2
0.000152 33
0.000178 33
0.000387 35
0.004675 2
0.000138 23
0.103594 4
0.169750 2
0.000145 39
0.002196 2
0.000142 27
0.000083 2
0.000184 45
0.002236 2
0.000183 52
0.000209 2
0.000217 40
0.006213 2
0.000149 36
0.000081 2
0.000203 62
0.010344 2
0.000138 32
0.015411 2
0.000135 68
0.000201 2
0.000223 14
0.004555 38
0.501967 25
0.502556 25
0.502122 25
0.501782 25
0.501743 25
0.501591 25
0.501290 25
0.501867 25
0.501608 25
0.501846 25
0.501335 25
0.501019 25
0.501457 25
0.501877 25
0.501793 25
0.500747 25
0.500984 25
0.501456 25
0.501563 25
0.500837 25
0.501714 25
0.501177 25
0.500909 25
0.500785 25
0.501274 25
0.501784 25
0.501224 25
0.501247 25
0.501757 25
0.501663 25
0.501865 25
0.501205 25
0.500780 25
0.501761 25
0.500263 25
0.501735 25
0.500360 25
0.500969 25
0.501266 25
0.501281 25
0.500861 217
0.247200 59
0.085929 38
0.502289 25
0.502433 138
0.479264 2
0.000411 62
0.000555 50
0.159869 38
0.502185 25
0.501625 25
0.501882 105
0.502106 80
0.502302 80
0.502304 80
0.504284 2
0.178917 34
