0.903840 29
0.534396 64
0.004057 64
0.009049 66
0.056608 101
0.364128 37
0.002708 23
0.183575 6
0.316520 53
0.024922 64
0.016631 90
0.022379 14
0.002885 72
0.499732 222
0.496988 63
0.501251 67
0.501968 34
0.500640 34
0.501431 34
0.499431 70
0.501649 36
0.500500 36
0.500762 36
0.500783 116
0.503355 80
0.502127 80
0.499910 80
0.499915 80
0.501092 80
0.501243 80
0.500699 80
0.500769 80
0.501343 80
0.500319 80
0.500415 80
0.501228 80
0.501630 80
0.502986 80
0.501844 80
0.499237 80
0.500720 80
0.498512 80
0.500845 80
0.500790 80
0.500828 80
0.500846 80
0.501482 80
0.500260 80
0.503763 80
0.503442 80
0.498842 80
0.500206 80
0.500936 80
0.501580 80
0.500673 80
0.677009 80
0.342871 80
0.482982 80
0.499911 80
0.500516 80
0.503094 80
0.499790 80
0.501408 80
0.500178 80
0.501674 80
0.500722 80
0.500968 80
0.505408 80
0.495537 80
0.500876 80
0.500681 80
0.501086 80
0.502710 80
0.500621 80
0.501052 80
0.500723 197
0.493538 22
0.940071 51
0.021908 26
0.000254 26
0.000580 78
0.000547 104
0.005299 26
0.013889 26
0.015810 26
0.017408 26
0.070913 26
0.008527 26
0.025873 26
0.006842 26
0.063465 102
0.008753 83
0.020770 59
0.176943 13
1.026001 35
0.170990 40
2.118502 32
1.023697 59
0.535779 13
0.061875 39
