0.884193 29
1.036302 64
0.008368 64
0.023421 66
0.125715 101
0.433601 37
0.002232 23
0.238349 6
0.364023 136
0.147667 313
0.000027 38
0.460871 226
0.395382 109
0.500020 109
0.540383 54
0.461230 54
0.500507 54
0.500450 54
0.500746 109
0.500495 55
0.501199 55
0.499854 55
0.501204 135
0.500063 80
0.500797 80
0.500430 80
0.500659 80
0.500668 80
0.500946 80
0.500727 80
0.500764 80
0.500643 80
0.500585 80
0.500896 80
0.500254 80
0.500197 80
0.501471 80
0.500590 80
0.500432 80
0.501132 80
0.501190 80
0.500257 80
0.500461 80
0.500841 80
0.500075 80
0.500787 80
0.501548 80
0.499496 80
0.500905 80
0.500222 80
0.500736 80
0.500339 80
0.500566 80
0.501008 80
0.500873 80
0.500765 80
0.501044 80
0.500160 80
0.501136 80
0.500577 80
0.500810 80
0.500719 80
0.500407 80
0.500572 80
0.501425 80
0.499830 80
0.583794 80
0.417779 80
0.500877 80
0.500714 80
0.514706 80
0.486699 80
0.500513 80
0.500627 80
0.501519 80
0.499926 80
0.500753 80
0.504893 80
0.496734 80
0.500458 80
0.500747 80
0.519325 80
0.481988 80
0.500618 80
0.500690 80
0.501138 80
0.500192 80
0.500092 80
0.500990 80
0.500553 80
0.500751 80
0.501100 80
0.500025 80
0.501135 80
0.500894 80
0.500183 80
0.500174 80
0.581526 80
0.421795 80
0.498755 80
0.501326 80
0.499619 80
0.501414 80
0.500235 80
0.500717 80
0.500501 80
0.500610 80
0.501277 80
0.500043 80
0.501271 80
0.500145 80
0.501117 80
0.500318 80
0.501274 80
0.500651 80
0.500813 80
0.500142 80
0.500893 80
0.500675 80
0.500895 80
0.501593 80
0.500001 80
0.500198 80
0.501016 80
0.500224 80
0.501255 80
0.500834 80
0.500490 80
0.506383 80
0.494787 80
0.500666 80
0.501144 80
0.511983 80
0.489560 354
0.106823 80
0.500189 80
0.501207 80
0.500640 80
0.500854 80
0.500673 80
0.500697 80
0.500244 80
0.500805 80
0.501420 80
0.500093 80
0.503227 80
0.498252 80
0.500173 80
0.501186 80
0.500482 80
0.500547 80
0.500879 80
0.501251 80
0.500450 80
0.500838 80
0.500219 80
0.500828 80
0.501376 363
0.065537 80
0.501062 80
0.500136 345
0.442476 80
0.000286 271
0.014070 80
0.000322 273
0.000539 80
0.000287 267
0.000579 80
0.501289 80
0.500576 352
0.138802 201
0.206377 93
0.882617 311
0.009080 26
0.107734 26
0.003635 26
0.010876 26
0.005024 26
0.006493 26
0.004481 26
0.004033 102
0.004174 106
0.013255 7
0.472303 65
15.539955 92
0.048491 73
6.483173 110
0.066076 98
2.909056 40
0.283592 110
0.701028 46
0.271086 114
0.780578 48
0.328837 102
0.690219 42
0.216501 110
1.196581 43
0.597588 59
1.286266 17
0.224958 64
1.206957 35
0.037598 110
0.004793 98
0.115424 109
73.492188 64
0.008223 109
15.502837 108
0.003989 25
0.667287 51
1.391141 55
0.015703 51
0.390049 55
0.016444 51
0.043059 55
0.017477 46
0.759298 6
0.206483 53
0.073635 61
0.104684 42
0.212713 105
0.002451 49
0.639453 51
0.130033 43
0.204812 45
0.137237 51
0.203327 35
