0.683710 157
6.194245 33
0.206825 33
0.055613 138
0.177551 23
0.074815 6
0.106204 159
0.009911 64
0.008068 34
0.027740 84
0.008540 135
0.451227 64
0.063915 106
0.436355 55
0.504148 109
0.499739 54
0.500294 54
0.499585 54
0.500060 54
0.504133 54
0.500785 54
0.499380 54
0.499639 54
0.509793 134
0.494630 80
0.499483 80
0.516452 80
0.487633 80
0.506672 80
0.515420 80
0.478091 80
0.504953 80
0.496730 80
0.505159 80
0.497925 80
0.502941 80
0.496184 80
0.500060 80
0.612266 80
0.408391 80
0.484222 80
0.502372 80
0.500840 80
0.507969 80
0.491690 80
0.499967 80
0.500141 80
0.503800 80
0.500046 80
0.500330 80
0.499730 80
0.503879 80
0.500156 80
0.499907 80
0.499975 80
0.500077 80
0.503400 80
0.401395 539
0.032000 80
0.007075 80
0.015980 116
0.014008 71
0.813775 22
0.085957 25
0.139075 182
0.080648 104
0.011204 26
0.059402 26
0.152615 26
0.111790 26
0.268258 26
0.409801 26
0.259090 26
0.326138 27
0.245715 180
0.111520 7
0.227950 112
12.834156 47
0.475963 102
1.343953 42
0.517361 59
6.912527 17
0.499577 64
0.082686 35
0.055982 110
0.024432 109
0.452979 64
0.095230 58
5.032076 50
0.059851 65
0.276838 31
0.075351 102
0.085426 57
0.070880 46
0.356023 46
0.040311 46
0.024573 59
0.362535 33
0.414616 6
0.089275 2
0.056445 50
7.513384 45
0.992495 32
