0.728926 93
2.033427 64
0.017123 66
0.104138 33
0.592703 101
0.164499 37
0.010120 23
0.333897 6
0.616339 136
0.012346 135
0.019865 64
0.033927 103
0.143779 14
0.013344 68
0.500387 282
0.297401 106
0.500977 109
0.500627 54
0.536666 54
0.465477 54
0.500761 54
0.500591 54
0.500803 54
0.513251 54
0.489211 54
0.500326 134
0.501418 80
0.501521 80
0.500182 80
0.502007 80
0.500218 80
0.500870 80
0.501238 80
0.501274 80
0.500619 80
0.500812 80
0.501311 80
0.503128 80
0.500844 80
0.498597 80
0.506425 80
0.498100 80
0.502662 80
0.502214 80
0.496476 80
0.512900 80
0.500677 80
0.489444 80
0.509663 80
0.498300 80
0.494493 80
0.500836 80
0.516587 80
0.485754 80
0.500811 80
0.500570 80
0.502213 80
0.501279 80
0.500005 80
0.521892 80
0.482096 80
0.514089 80
0.491334 80
0.502449 80
0.500631 80
0.500985 80
0.499772 80
0.501145 80
0.522353 80
0.479638 80
0.556225 80
0.440221 80
0.500901 80
0.500763 80
0.520033 80
0.487767 80
0.495758 80
0.500802 80
0.500812 80
0.501080 80
0.500502 80
0.501096 80
0.501284 80
0.500471 80
0.499802 80
0.501557 80
0.500888 80
0.500577 80
0.501259 80
0.501030 80
0.503131 80
0.498426 80
0.500948 80
0.500677 80
0.501461 80
0.501507 80
0.500026 80
0.502326 80
0.546217 80
0.455201 80
0.500414 80
0.552429 80
0.449937 80
0.502663 80
0.499516 80
0.500873 80
0.500311 80
0.501566 80
0.500621 80
0.501508 80
0.500764 80
0.511332 80
0.627826 80
0.458586 80
0.537947 80
0.610496 80
0.421099 80
0.356455 80
0.484228 80
0.502463 80
0.500501 80
0.501344 80
0.499646 80
0.503974 80
0.499253 80
0.504042 80
0.496916 80
0.501795 80
0.499978 80
0.502022 80
0.499874 80
0.351075 265
0.001095 271
0.002809 434
0.039086 80
0.465341 80
0.526049 80
0.510447 80
0.471905 80
0.495281 80
0.510894 80
0.502729 80
0.505004 80
0.493931 80
0.528785 80
0.464338 80
0.507160 80
0.510996 80
0.506362 80
0.516891 80
0.529976 80
0.528527 80
0.434381 80
0.472373 80
0.516768 80
0.552104 80
0.495995 80
0.439718 80
0.501374 80
0.571912 80
0.429226 80
0.501605 80
0.499964 80
0.516326 80
0.489079 80
0.498558 80
0.500221 80
0.505316 80
0.497839 80
0.253262 202
0.001221 80
0.000553 80
0.500633 80
0.501266 273
0.152111 160
0.001547 266
0.001297 80
0.500869 80
0.501930 80
0.030688 272
0.001154 161
0.176633 40
0.000077 93
4.429478 207
0.481601 52
0.001189 26
0.013372 26
1.063596 26
0.348857 26
0.248540 26
0.518444 26
0.188087 26
0.215081 26
0.238811 26
0.246222 102
0.507545 105
0.066301 5
9.277738 2
2.781180 99
131.594949 41
0.027433 111
0.306485 47
2.914032 65
20.397320 92
0.083276 73
67.487250 109
0.105929 115
32.914817 49
0.035489 101
0.286439 42
0.046769 110
8.713764 43
1.016860 59
3.302845 17
1.664115 64
37.774538 35
0.129987 110
0.012183 109
0.650889 64
0.016650 102
59.552635 109
0.012258 75
0.018369 33
0.146008 25
3.116215 51
11.157963 55
0.034428 51
1.672638 55
0.036210 51
0.145061 55
0.036273 51
0.132700 55
0.035788 51
0.116498 55
0.036598 51
0.101511 55
0.036004 49
0.086495 2
0.000448 55
0.036534 41
3.920739 6
1.652906 48
0.824356 2
0.000316 53
0.098316 61
0.031288 52
0.051018 44
0.028786 43
0.047338 2
0.000543 51
0.056406 42
