0.046337 157
16.168780 66
0.033059 68
0.172333 70
0.020272 23
0.078526 6
0.096928 136
0.007639 209
0.015887 103
0.011969 14
0.008234 211
0.474191 109
0.472500 55
0.501886 109
0.505651 54
0.502474 54
0.503761 54
0.501795 54
0.545327 54
0.469396 54
0.475472 54
0.504125 54
0.498568 134
0.497369 80
0.500508 80
0.499629 80
0.503560 80
0.500205 80
0.518577 80
0.493521 80
0.487999 80
0.500424 80
0.522553 80
0.482830 80
0.499377 80
0.501158 80
0.537787 80
0.486927 80
0.476822 80
0.520134 80
0.489352 80
0.603228 80
0.419677 80
0.467942 80
0.540377 80
0.504402 80
0.459437 80
0.500684 80
0.499005 80
0.508909 80
0.494761 80
0.516141 80
0.576144 80
0.409151 80
0.511861 80
0.542179 80
0.450148 80
0.562306 80
0.436713 80
0.504391 80
0.495464 80
0.499590 80
0.503173 80
0.500284 80
0.500012 80
0.507799 363
0.121261 80
0.503551 80
0.499998 80
0.500020 80
0.582955 80
0.436254 80
0.480871 80
0.503792 80
0.499060 80
0.506184 80
0.584346 80
0.409816 80
0.500180 80
0.505485 80
0.022529 292
0.020480 80
0.070674 286
0.117087 80
0.019661 284
0.248391 347
0.020478 352
0.013282 197
0.022888 93
3.123731 259
0.881711 26
0.167409 26
1.940617 26
2.293717 26
2.227195 26
2.408674 26
1.940994 26
1.910337 26
1.621303 26
2.063536 217
2.287813 7
0.446581 65
24.896670 101
0.027646 73
11.960605 119
0.104341 140
3.887579 61
0.795399 136
0.056973 59
0.362750 102
0.645239 42
0.275504 110
2.440479 43
2.707986 68
1.954991 17
0.459880 64
5.932496 35
0.111383 110
0.024358 109
0.220347 64
0.043761 102
18.620197 109
0.031147 108
0.015871 25
1.260056 51
1.588029 55
0.019962 51
0.524138 161
0.139947 46
0.744382 26
0.280423 6
0.779911 62
0.064133 70
0.131964 64
0.147500 62
0.135749 45
0.132799 51
0.187681 33
