0.053512 680
2.388276 97
0.028763 33
0.002045 33
0.064001 33
0.164050 105
0.056611 23
0.043499 4
0.139676 138
0.053090 313
0.007466 38
0.479996 145
0.155545 78
0.060248 106
0.567244 55
0.376772 109
0.500039 54
0.499295 54
0.520465 54
0.532482 54
0.503389 54
0.451654 54
0.496927 54
0.499237 134
0.514778 80
0.485634 80
0.504052 80
0.499761 80
0.499933 80
0.501528 80
0.498355 80
0.500343 80
0.504604 80
0.503252 80
0.495963 80
0.499919 80
0.501501 80
0.509046 80
0.503818 80
0.493041 80
0.500216 80
0.501062 80
0.500270 80
0.499472 80
0.499696 80
0.504974 80
0.503780 80
0.498133 80
0.613697 80
0.392569 80
0.503857 80
0.486541 80
0.518126 80
0.481980 80
0.499949 80
0.500702 80
0.504604 80
0.498864 80
0.499731 80
0.523083 80
0.477188 80
0.513960 80
0.490390 80
0.499561 80
0.527520 80
0.540429 80
0.436098 80
0.499984 80
0.524784 80
0.475499 80
0.561600 80
0.444457 80
0.497568 80
0.520149 80
0.498610 80
0.487694 354
0.197706 80
0.548067 80
0.443997 80
0.500015 80
0.575907 80
0.388276 80
0.488723 80
0.554965 80
0.496288 80
0.522939 80
0.488889 80
0.480252 80
0.516397 80
0.491390 80
0.572448 80
0.485328 80
0.522186 80
0.423368 80
0.513756 80
0.486807 80
0.495994 80
0.499927 80
0.507872 80
0.582890 80
0.537424 80
0.375259 80
0.472851 80
0.535053 80
0.528627 80
0.480248 80
0.491742 80
0.508087 80
0.494756 80
0.462487 80
0.538122 80
0.500239 80
0.553417 80
0.691894 80
0.465236 80
0.542673 80
0.472762 80
0.328567 80
0.450724 80
0.499482 80
0.547312 80
0.502404 80
0.449840 80
0.503964 80
0.495804 363
0.453489 80
0.495936 80
0.462536 80
0.500248 80
0.543823 80
0.460192 614
0.528613 782
0.040023 548
0.096047 69
0.379053 153
0.087106 234
0.081310 78
0.040152 52
0.040307 102
0.024625 106
0.008382 5
0.233878 2
0.059689 63
10.380878 94
0.072356 71
9.983168 112
0.057017 96
1.603483 2
0.059592 40
0.059877 108
0.187743 48
0.112792 112
0.218912 2
0.050528 48
0.057212 100
0.204053 2
0.059956 42
0.060991 110
1.919716 41
0.148059 2
0.123729 59
0.664976 17
0.099682 62
0.567555 147
0.104069 109
0.084633 64
0.013307 59
6.605865 158
0.101766 23
0.506581 2
0.060281 49
0.967654 57
0.076058 49
0.307538 163
0.060021 51
0.011568 55
0.007942 46
0.532293 4
0.156283 55
0.060502 59
0.099530 2
0.059911 49
0.068633 49
0.027631 2
0.007556 43
0.068032 45
0.063576 51
0.104678 28
