0.860853 29
4.403159 64
0.000015 64
0.000138 66
0.043598 33
0.241991 105
0.032231 23
0.100059 6
0.181909 136
0.006689 246
0.011730 75
0.001336 658
0.113002 52
0.007902 38
0.500608 25
0.655183 237
0.061861 54
0.010129 217
0.015586 56
0.001406 157
0.016639 52
0.000309 52
0.005247 211
0.016197 53
0.012801 211
0.015709 53
0.011572 537
0.107988 213
0.012676 110
0.500582 72
0.148640 177
0.037697 44
0.021308 202
0.058157 61
0.402755 218
0.068022 68
0.266951 184
0.013871 51
0.002292 139
0.042738 114
0.000797 200
0.036724 59
0.003272 186
0.045196 53
0.232654 196
0.019269 107
0.014801 29
0.353575 22
0.441569 103
0.003844 130
0.000792 78
0.000562 130
0.015511 344
0.196776 143
0.243534 45
0.064936 147
0.306911 47
0.066630 149
0.288847 48
0.053957 141
0.266593 44
0.069465 145
0.299066 46
0.064855 145
0.262224 46
0.063056 149
0.264850 48
0.061232 145
0.274732 46
0.069707 71
0.237528 106
0.015690 7
0.226149 104
2.736809 34
0.065144 46
1.606142 40
0.275143 169
0.008944 87
0.809710 207
0.004530 479
0.212333 73
12.507678 110
0.174112 100
12.207887 41
0.086174 112
0.791256 47
0.102743 116
0.705837 49
0.126465 102
0.768571 42
0.075299 110
2.584633 43
2.307536 71
1.181686 70
0.259178 72
0.162336 73
0.144429 69
0.132767 71
0.131654 71
0.203355 73
0.214325 71
0.131560 59
0.160639 17
0.077781 64
1.383704 145
0.214391 109
0.895591 64
0.046722 109
45.048743 111
0.004240 65
1.799415 58
1.474702 47
0.002943 28
0.001723 31
2.002633 26
0.119324 46
13.393307 46
0.835234 46
1.047825 46
0.936242 36
0.722658 59
1.562689 33
0.578916 8
0.107017 108
0.448494 25
5.435207 98
1.891806 51
0.996627 55
0.204722 98
1.061193 98
0.829753 28
0.826463 70
0.006465 98
0.824701 51
1.641288 55
0.182555 51
0.580993 55
0.259593 51
0.453155 55
0.291087 98
1.450690 98
2.238116 28
0.828100 70
0.001520 98
0.826991 98
0.843302 46
0.911944 6
1.435187 53
0.085148 61
0.051987 50
0.157128 52
0.074848 44
0.055946 45
0.064336 51
0.063603 38
1.563938 47
0.029956 36
