0.628038 610
0.761300 21
2.485681 13
0.013366 264
0.784802 12
0.858347 15
0.607784 1
0.624010 1
0.135708 1
0.135997 1
0.376316 1
0.039876 1
0.072055 1
0.143960 1
0.159905 1
0.752362 1
0.087667 1
0.232111 1
0.182867 1
0.176961 1
0.096319 2
0.152379 286
0.015720 267
0.075362 14
0.987320 14
0.417027 5
0.225174 5
0.175955 5
0.088242 5
0.184012 5
0.079815 2
0.239458 16
0.050160 134
0.028236 366
0.000513 125
0.000456 161
0.011197 171
0.000273 239
0.011934 242
0.012704 135
0.001104 272
0.010425 158
0.000239 133
0.003085 133
0.000480 208
0.012222 133
0.001546 133
0.000656 1204
0.014761 851
0.013643 475
0.001199 337
0.009419 621
0.003926 215
0.001206 523
0.005856 208
0.000761 580
0.003818 383
0.000914 272
0.007158 255
0.000813 607
0.003014 421
0.001020 632
0.008382 1124
0.005430 270
0.005067 255
0.000713 268
0.003499 599
0.000873 506
0.006636 258
0.000848 309
0.003358 758
0.001021 363
0.006615 605
0.013574 53
0.001497 117
0.203503 97
0.211700 93
0.207720 43
0.000785 43
0.013020 98
0.209732 351
0.213133 760
0.002356 108
0.208910 412
0.234834 295
0.210079 126
0.210901 32
0.086982 32
0.062041 32
0.096495 64
0.299253 64
0.001494 64
0.027662 33
0.400671 33
0.747429 66
0.075305 66
0.303021 66
0.002140 66
0.024676 33
0.295294 66
0.579729 33
0.137596 66
0.049280 66
0.006775 132
0.014741 66
0.000725 66
0.585259 66
0.002731 132
0.001179 66
0.007245 66
0.000767 132
0.000934 66
0.005386 231
0.001460 33
0.000880 66
0.001853 33
0.026132 66
0.237010 66
0.002632 66
0.004149 66
0.063185 66
0.158329 66
0.002351 66
0.004668 66
0.044431 66
0.103222 66
0.006714 132
0.001655 66
0.001161 66
0.024494 66
0.003061 33
0.066165 66
0.033954 66
0.001706 66
0.000926 66
0.019913 66
0.081506 66
0.001262 66
0.001220 66
0.016357 132
0.067203 66
0.000929 66
0.789551 38
0.806172 264
0.083651 1
4.306108 1
0.175737 1
0.631840 1
0.240002 1
0.183933 1
0.103973 4
0.127707 1
0.984569 1
0.175631 1
0.112058 1
0.384200 1
0.103985 1
0.080034 1
0.119735 40
0.224606 264
0.073432 12
0.614141 4
627.729606 4
0.498853 4
0.032327 4
0.033152 4
0.033368 4
0.032573 4
0.033335 4
0.032502 4
0.032485 4
0.032421 4
0.034488 4
0.031798 1
0.033643 1
0.061256 1
0.003472 1
0.033530 1
0.038652 1
2.119911 4
0.648513 8
0.185789 35
