0.784390 29
2.886316 64
0.004045 64
0.010161 66
0.063717 68
0.239936 70
0.001520 23
0.102445 6
0.162146 90
0.015893 64
0.012241 99
0.018866 14
0.005941 186
0.181537 52
0.004588 197
0.014100 56
0.005209 179
0.028691 96
0.019986 29
0.225011 22
0.273363 311
0.003504 26
0.001621 26
0.002635 26
0.002865 356
0.204206 118
0.314396 47
0.060820 104
0.266984 36
0.091889 36
0.261248 40
0.856121 53
0.620769 49
0.075098 56
0.184109 46
0.055598 31
1.892111 64
0.354824 13
0.217124 32
0.055066 64
0.349546 13
0.251207 45
0.140763 64
0.058423 36
