0.243540 631
2.610079 69
0.011255 2
0.021203 21
0.282735 61
16.336206 23
5.984245 1
1.827275 1
0.196379 1
0.091289 1
0.112464 1
0.489698 1
0.142245 1
0.367978 1
0.175941 1
0.276376 1
0.135817 3
5.227788 3
0.500057 3
0.063660 3
0.196179 3
0.168032 3
0.367951 3
0.312185 3
0.159936 3
0.151781 3
0.160175 1
0.152380 1
0.351669 1
0.103214 1
0.144679 1
0.696033 1
1.896039 1
0.247439 1
0.160594 1
0.431790 1
0.415399 1
0.088601 1
0.088043 1
0.096090 1
0.295887 1
0.168056 1
0.071210 2
0.136153 10
0.024141 2
3.971837 104
0.757233 34
0.023731 344
0.004741 51
0.007019 7
1.350326 200
0.017833 141
0.007259 241
0.008304 154
0.007553 1
1.620474 212
0.027561 53
0.008242 68
0.008057 21
0.360415 2
0.015883 17
0.019902 4
1.160337 162
0.020885 135
0.007236 304
0.010968 300
0.009859 17
0.006836 104
0.016229 29
0.007759 193
0.009054 51
0.007367 156
0.007935 1
2.687359 23
0.020593 6
1.091545 30
