0.166783 29
3.026958 64
0.001576 64
0.003409 66
0.035502 101
0.164032 37
0.005106 23
0.099785 6
0.163171 70
0.001790 101
0.001823 80
0.005799 64
0.009306 112
0.013198 14
0.003516 106
0.108194 2
0.000016 93
0.000339 135
0.034509 80
0.560308 230
0.002202 58
0.474179 184
0.276680 72
0.501927 75
0.501572 37
0.501056 37
0.501801 37
0.502339 75
0.501149 38
0.501160 78
0.501715 40
0.500634 120
0.501605 80
0.506336 80
0.499000 80
0.501151 80
0.501431 80
0.501491 80
0.503533 80
0.500965 80
0.501559 80
0.500872 80
0.501049 80
0.512085 197
0.424757 23
0.276585 51
0.071753 52
0.000208 26
0.000247 26
0.000293 26
0.000138 26
0.000310 26
0.000210 26
0.000209 26
0.000127 26
0.182633 26
0.019093 26
0.018066 26
0.016887 26
0.019319 26
0.019567 26
0.014412 26
0.017359 101
0.059470 40
0.021462 87
1.122080 77
0.015272 52
0.000619 26
0.000771 52
0.000703 26
0.000704 26
0.000486 26
0.000924 26
0.057227 26
0.018363 26
0.007953 26
0.009893 26
0.008371 26
0.009547 26
0.007205 26
0.004585 101
0.027518 97
0.021259 58
0.229924 85
0.045239 55
0.269094 78
0.041085 156
0.109864 50
0.080357 134
0.287253 39
0.047405 36
2.673402 40
1.157850 52
0.034627 48
1.914434 41
0.110970 55
0.830919 2
0.000125 51
0.159352 47
0.060727 61
0.041198 72
0.108164 38
0.019370 47
0.025465 34
