0.799972 29
0.912087 64
0.009556 64
0.024573 66
0.132281 101
0.496985 37
0.002294 23
0.235205 6
0.556276 144
0.015554 2155
0.023541 66
0.025422 102
0.273279 14
0.011915 205
0.055988 288
0.062866 135
0.000019 313
0.262666 282
0.204412 324
0.094590 305
0.037863 318
0.042016 321
0.010419 226
0.395758 93
0.001422 314
0.160498 121
0.501032 324
0.158204 319
0.001948 314
0.006872 93
0.003630 238
0.018583 98
0.003040 228
0.009394 96
0.003957 235
0.006541 96
0.001770 235
0.013368 96
0.025417 232
0.001868 332
0.053156 129
0.501033 310
0.327887 347
0.002093 337
0.002369 350
0.050580 138
0.501064 70
0.500616 70
0.500694 70
0.500796 70
0.500424 342
0.270464 486
0.426766 493
0.113738 428
0.006366 428
0.001491 410
0.029830 406
0.060011 146
0.016098 336
0.001243 470
0.012945 147
0.008538 330
0.019541 147
0.075679 339
0.001141 487
0.001469 478
0.001775 478
0.016999 146
0.057333 344
0.000476 154
0.005034 274
0.004887 80
0.003263 265
0.022266 268
0.063785 158
0.000163 348
0.031869 148
0.000200 327
0.088621 149
0.000007 487
0.023426 495
0.051479 154
0.042948 274
0.001100 416
0.161900 145
0.503398 428
0.100709 351
0.143233 427
0.019401 502
0.079557 428
0.109401 420
0.002969 484
0.014471 333
0.003327 156
0.000120 494
0.032916 494
0.011776 425
0.327026 80
0.018757 691
0.001938 150
0.145710 352
0.001070 159
0.039863 352
0.001926 498
0.056740 843
0.001861 158
0.136673 327
0.001217 150
0.116767 331
0.000218 431
0.007065 339
0.000607 349
0.001961 353
0.037492 422
0.001743 482
0.019003 483
0.028276 158
0.001813 336
0.034554 487
0.371150 153
0.091004 338
0.001817 481
0.037052 149
0.018407 337
0.001191 155
0.138233 328
0.000798 482
0.012004 492
0.024488 156
0.164812 344
0.000617 158
0.013819 342
0.000939 157
0.357180 351
0.000274 501
0.043176 155
0.005486 334
0.000385 496
0.032554 157
0.194919 335
0.301339 2058
0.000094 159
0.364175 80
0.252049 348
0.001137 157
0.134452 343
0.000908 155
0.009228 274
0.000893 80
0.111090 277
0.000943 275
0.001085 80
0.001572 80
0.019348 349
0.000947 509
0.037067 156
0.262495 349
0.000887 156
0.411425 276
0.000887 422
0.206043 154
0.053384 350
0.000906 156
0.208866 346
0.001077 147
0.500168 154
0.125901 348
0.001003 159
0.500022 357
0.176425 361
0.040600 80
0.066558 267
0.000866 262
0.081962 159
0.000698 501
0.011060 356
0.004582 82
0.000642 80
0.066898 359
0.000833 80
0.421278 271
0.001041 80
0.499994 80
0.169437 273
0.001995 80
0.499069 80
0.086849 282
0.000766 80
0.061720 265
0.000964 356
0.168164 351
0.042665 354
0.030673 349
0.296324 80
0.123849 276
0.000242 80
0.504564 80
0.496934 80
0.215659 275
0.000351 80
0.017965 274
0.000331 357
0.002471 80
0.001657 272
0.000312 351
0.022388 80
0.001965 274
0.000450 80
0.001177 278
0.000442 80
0.001515 283
0.019549 80
0.297408 274
0.000226 80
0.027600 275
0.000242 80
0.382874 274
0.000629 80
0.001919 268
0.001657 80
0.053910 269
0.001181 355
0.006608 352
0.069653 355
0.248860 706
0.001806 354
0.003964 353
0.001444 80
0.001885 268
0.000397 80
0.037241 284
0.164938 80
0.501106 80
0.500362 80
0.500681 80
0.500687 80
0.500702 80
0.500764 80
0.500515 80
0.500587 80
0.500527 80
0.500173 80
0.501071 80
0.500707 80
0.500852 80
0.500641 80
0.500310 80
0.500553 80
0.500378 80
0.501095 80
0.500504 80
0.501039 80
0.500186 345
0.189258 356
0.053006 346
0.085711 367
0.039947 355
0.002356 80
0.069223 281
0.000335 358
0.017858 358
0.054451 361
0.050499 362
0.005491 80
0.036658 281
0.133546 358
0.004499 360
0.410737 362
0.009354 348
0.003175 348
0.035801 80
0.500922 345
0.752377 1060
0.000053 80
0.240852 80
0.500503 80
0.500215 80
0.500972 80
0.500639 80
0.500437 80
0.500712 80
0.500766 80
0.500571 80
0.500521 80
0.500607 80
0.500050 80
0.501260 80
0.500558 356
0.291736 80
0.500531 80
0.500632 80
0.500730 80
0.500616 80
0.500668 80
0.500425 365
0.425488 702
0.278132 353
0.000894 369
0.001330 80
0.499311 196
0.039348 40
0.497320 40
0.147649 40
0.148397 40
0.148833 40
0.150193 43
0.135995 29
0.026944 22
1.679658 311
0.009488 26
0.041274 26
0.010447 26
0.006986 26
0.009657 26
0.005610 26
0.005235 26
0.008418 101
0.005796 96
0.011967 38
0.126067 36
0.879053 42
0.817222 56
0.408429 56
0.281512 45
0.146228 64
0.135864 42
23.174524 54
0.442572 58
0.062036 60
0.056636 56
1.197794 56
0.290712 45
0.184188 64
0.054447 22
16.797075 311
0.009104 26
0.044981 26
0.007940 26
0.007170 26
0.009751 26
0.005452 26
0.005107 26
0.008490 101
0.005692 92
0.011906 32
0.174554 36
0.906409 41
3.818492 333
1.252314 26
0.041471 26
0.010262 26
0.006709 26
0.009886 26
0.005377 26
0.005432 26
0.008272 101
0.005691 98
0.012200 37
0.135048 42
1.161696 36
0.459737 44
2.822965 22
1.062093 311
0.009454 26
0.041977 26
0.010360 26
0.007170 26
0.010092 26
0.005468 26
0.005486 26
0.008396 101
0.005981 118
0.011932 33
0.116532 36
0.657201 53
5.545984 22
1.375140 51
0.009027 260
0.002519 26
0.038412 26
0.010765 26
0.007374 26
0.010141 26
0.005511 26
0.005423 26
0.008412 101
0.005740 94
0.011874 32
0.157807 104
1.827931 37
0.124903 36
1.310539 46
2.228369 22
1.057836 311
0.009442 26
0.041889 26
0.009565 26
0.009874 26
0.010730 26
0.004385 26
0.006868 26
0.005081 101
0.005451 108
0.012514 40
0.107036 92
1.667110 35
0.160306 106
0.944491 40
0.120368 100
0.729405 37
0.453107 98
0.998133 36
0.255005 36
0.943283 40
2.033831 37
0.094465 44
1.020466 22
1.602771 311
0.008721 26
0.041307 26
0.012085 26
0.007615 26
0.010068 26
0.005217 26
0.005591 26
0.005241 101
0.005433 92
0.012060 33
0.925773 41
1.783260 38
0.999055 47
0.036898 22
1.032540 311
0.010477 26
0.039988 26
0.012293 26
0.006993 26
0.010750 26
0.006228 26
0.004891 26
0.004892 101
0.007142 106
0.011571 39
0.109037 106
0.611386 40
0.128164 96
0.644662 35
0.121888 96
0.591092 36
0.125617 98
0.649994 35
0.115887 107
0.564297 41
0.286513 110
0.415191 41
0.125863 116
0.587740 44
0.160249 112
0.592027 42
0.126066 100
1.723729 40
0.388750 116
0.746690 39
0.210140 106
0.570038 39
0.116225 110
0.641397 39
0.126292 116
0.614559 41
0.178836 114
0.721102 43
0.125196 116
0.647310 38
0.129837 118
0.553248 37
0.144416 50
1.266792 60
0.022840 122
0.437596 40
0.162278 89
0.558742 35
0.157064 106
0.601839 37
0.151180 114
0.600018 39
0.137589 110
0.934405 36
0.125927 122
0.638239 39
0.120890 112
1.570323 36
0.284094 106
1.215067 43
0.145267 116
0.751673 47
0.129967 124
0.530357 45
0.135915 88
0.616550 75
0.269846 32
0.045270 98
0.936901 36
0.215405 106
0.815324 40
0.166316 78
0.616627 36
0.146821 102
0.716926 42
0.121094 104
1.130006 34
0.118167 36
1.316126 40
1.797679 48
0.907269 44
0.586938 169
0.006702 333
1.272228 26
0.039447 26
0.012311 26
0.007497 26
0.009209 26
0.006708 26
0.006405 26
0.005323 101
0.005696 125
0.011708 42
0.106395 57
1.359738 38
0.979619 47
0.036267 22
0.980926 155
0.007366 156
0.001680 26
0.039147 26
0.010159 26
0.008025 26
0.008150 26
0.007044 26
0.005761 26
0.005199 101
0.005091 100
0.012032 42
0.107123 46
1.098266 94
0.204593 93
0.004583 109
0.023380 138
0.003397 76
0.001523 39
0.001928 22
0.985133 311
0.009866 26
0.040949 26
0.012381 26
0.007628 26
0.009132 26
0.007063 26
0.006271 26
0.005387 101
0.005551 103
0.010326 31
0.123106 36
0.864176 46
2.895407 76
0.184811 94
0.309295 93
0.004495 101
0.003693 164
0.003182 22
1.238334 311
0.008325 26
0.041171 26
0.012096 26
0.007030 26
0.009508 26
0.006802 26
0.006073 26
0.005604 101
0.005100 107
0.014252 39
0.099787 48
1.273395 38
0.859776 47
0.045100 22
1.060334 129
0.008184 182
0.000649 26
0.041113 26
0.012206 26
0.007291 26
0.008878 26
0.007065 26
0.006082 26
0.005596 101
0.005268 125
0.011956 42
0.103068 94
0.614639 36
0.128562 43
1.071790 22
1.322985 233
0.008642 78
0.000449 26
0.039883 26
0.012592 26
0.006800 26
0.009044 26
0.006838 26
0.006056 26
0.005281 101
0.005195 94
0.012375 38
0.157825 104
1.348192 36
0.224295 92
0.958210 32
0.217314 112
0.973841 44
0.220348 116
0.650952 43
0.201949 124
0.682532 47
0.135218 108
0.565824 52
0.544977 112
0.971299 45
0.135345 103
0.595008 36
0.127876 112
0.634595 35
0.141998 118
0.741434 35
0.130443 96
0.848566 36
0.311395 100
0.473604 36
0.134510 106
0.690356 40
0.229897 120
0.546904 43
0.122544 120
1.216783 43
0.183241 116
0.657232 41
0.255423 116
0.509417 39
0.221838 97
0.592534 39
0.137072 104
1.718354 38
0.132555 109
0.553716 39
0.127879 120
0.565204 40
0.125670 130
0.474256 44
0.133586 106
0.631132 36
0.136058 121
0.759996 35
0.124511 109
0.744702 39
0.153342 116
0.568348 41
0.140848 100
0.775682 36
0.138180 100
0.625263 34
0.124142 126
0.624070 46
0.126455 108
0.930791 37
0.143919 126
1.532757 46
0.124549 118
0.874978 42
0.126088 116
0.729701 41
0.146300 122
0.767585 44
0.131291 110
0.739407 38
0.000046 100
0.507634 33
0.267869 112
0.554817 39
0.127172 110
0.630728 38
0.226187 110
0.668137 38
0.131672 112
1.261786 38
0.113241 106
0.869760 35
0.123549 103
0.747982 42
0.231750 97
0.701056 39
0.116169 105
0.566370 39
0.117453 111
0.591137 40
0.116479 101
0.506999 38
0.126803 99
0.599015 34
0.116387 71
0.677918 106
0.072972 7
0.421724 122
15.749561 50
0.147747 92
0.820237 32
0.138401 36
0.455570 40
2.022841 41
0.916359 22
1.044508 311
0.000065 26
0.036572 26
0.007324 26
0.012104 26
0.008567 26
0.008460 26
0.006597 26
0.005647 101
0.005553 116
0.012937 45
0.118937 53
1.165868 22
1.127414 311
0.009316 26
0.046560 26
0.007271 26
0.011623 26
0.008835 26
0.008160 26
0.006582 26
0.005462 101
0.005961 120
0.012868 34
0.128350 36
1.061738 40
5.097204 48
0.933766 43
0.405788 48
0.230522 42
0.302836 53
0.242611 56
0.129589 44
0.179717 52
0.233067 50
0.224121 53
0.215963 51
0.273898 47
0.312780 41
0.281869 54
1.446390 38
0.742115 19
0.648371 35
0.022318 77
0.064432 56
0.105440 34
0.145251 49
0.821706 56
0.482356 43
0.138953 56
0.435881 38
1.014863 47
0.265715 45
0.096691 64
0.055045 22
16.729611 311
0.009636 26
0.046734 26
0.006960 26
0.011581 26
0.008535 26
0.008151 26
0.006480 26
0.005041 101
0.006074 115
0.013236 37
0.102322 124
0.868572 43
0.138963 124
0.797217 43
0.121761 100
0.724442 39
0.404050 96
0.704082 32
0.217130 92
1.098703 42
0.000039 135
0.344836 47
0.121754 116
0.674234 33
0.264958 126
0.888076 38
0.127955 122
0.589083 36
0.146763 122
0.681653 36
0.180210 126
0.536057 38
0.163749 128
0.583684 39
0.199289 126
0.586588 38
0.238213 122
0.585705 36
0.123907 126
0.555189 38
0.155189 128
0.648990 39
0.139782 118
0.541064 42
0.144595 85
0.791330 34
0.230692 99
0.748131 35
0.146048 90
0.635765 34
0.121299 134
1.599275 54
0.179551 94
0.582104 43
0.112855 117
0.516107 47
0.453236 124
0.694833 49
0.399401 108
0.630479 41
0.369506 94
0.633406 21
0.121173 34
0.332014 90
1.026443 43
0.127493 98
0.569293 36
0.281468 96
0.848198 36
0.116697 92
0.966968 32
0.133116 98
0.538586 36
0.128247 106
0.737865 40
0.112763 92
0.561843 32
0.127910 102
0.715591 38
0.422726 92
0.809923 32
0.129660 98
0.933994 35
0.299384 106
0.522339 39
0.122994 108
0.714817 40
0.300546 106
0.761949 39
0.240929 124
0.989457 44
0.479620 112
0.915149 40
0.131405 98
0.633461 36
0.123322 113
0.634022 42
0.125575 108
0.647212 26
0.250383 39
0.085048 102
0.915468 36
0.133588 124
0.603915 41
0.126761 90
0.483246 42
0.126128 65
2.711738 92
0.026554 73
8.844237 110
0.041453 114
2.747711 48
0.251711 98
0.526974 40
0.213891 110
0.549823 46
0.248975 140
0.520898 49
0.324174 116
0.904147 42
0.568569 114
0.856541 42
0.524435 104
0.662968 32
0.271787 128
0.707775 43
0.312289 122
0.714584 41
0.257153 116
2.059344 38
0.756376 124
1.910405 154
1.103388 76
0.017675 99
0.010952 164
0.004020 2
0.108654 102
0.020533 164
0.002884 2
0.104346 102
0.020251 164
0.002901 2
0.102794 99
0.021120 20
0.003000 144
0.001449 2
0.097630 9
0.014271 1
3.011564 1
3.003043 1
3.003070 1
3.005853 1
3.001572 1
3.002902 2
0.002118 30
0.009476 131
0.025611 7
0.044558 43
0.405342 108
0.884652 41
0.154185 102
0.905311 38
0.808507 102
0.641220 39
0.162191 128
0.694956 45
0.629100 128
0.969450 45
0.465426 40
0.370526 33
0.123414 46
0.231956 48
1.186576 42
0.530269 48
1.213721 45
0.161766 45
0.196112 44
0.112762 53
0.200217 47
0.115919 49
0.348996 52
0.314423 52
0.337551 52
0.212080 54
0.104356 34
0.228659 57
0.217230 43
0.103984 46
0.362234 52
0.339915 49
0.113274 56
0.239885 50
0.137669 67
0.153115 57
0.332857 42
0.216355 76
0.621355 74
0.216173 46
0.946262 101
1.680525 84
1.401004 31
2.270835 64
0.408985 13
0.379448 32
0.037640 64
0.363168 13
0.396366 41
0.299630 51
0.676113 56
0.232210 52
0.217428 50
0.271231 51
2.033927 46
0.262359 50
0.276886 53
0.287569 56
0.548998 42
0.403799 45
0.276508 48
0.242657 51
0.219266 49
0.137058 52
0.304165 47
0.292370 46
0.255332 49
0.276472 51
0.219221 55
0.457161 61
0.046241 59
0.105628 50
0.303115 50
0.242581 49
0.382284 48
0.233606 48
1.226973 49
0.457038 52
0.253252 51
0.262796 48
0.239952 56
0.218099 44
0.232918 44
0.234492 54
0.233362 43
0.237747 48
0.104710 51
0.311895 50
0.352789 47
0.223652 50
0.234253 50
0.223788 48
0.289274 44
0.313790 59
0.265243 17
0.142851 64
1.218293 35
0.069526 77
0.002474 33
0.001413 98
0.113743 109
0.118691 64
0.007849 109
15.691621 108
0.004744 25
1.065739 51
1.269594 55
0.017095 51
0.450565 55
0.028379 46
0.724997 6
0.401751 56
0.075596 52
0.792384 56
0.113736 56
0.204940 46
1.590046 42
0.365879 41
1.141262 62
0.138112 54
0.203754 54
0.278301 56
0.263351 57
0.265076 57
0.224302 56
0.217069 56
0.207984 51
0.104021 42
1.684805 30
0.013403 13
1.002587 42
0.006997 13
0.093337 56
0.327671 54
0.103927 53
0.221963 40
0.138812 39
0.620673 44
9.585094 40
0.254408 61
0.113984 56
0.297067 42
0.086258 52
0.246937 58
0.849097 50
0.351474 43
0.634846 22
0.701297 41
0.614280 44
0.117092 43
0.372658 41
0.240573 41
0.119125 42
0.186226 47
1.140332 64
0.451421 65
0.396277 48
0.339413 47
0.103841 43
0.212332 81
0.034894 79
0.051849 43
5.454443 25
1.745919 51
1.357640 55
0.017860 51
0.544912 55
0.016482 46
0.723023 6
0.188633 56
0.277405 50
1.116358 44
0.248757 51
0.266004 45
0.278921 48
0.209746 41
3.547355 56
0.071666 40
0.105419 53
0.244619 61
0.103825 42
0.193407 105
0.002584 51
0.160611 49
0.136956 43
0.178018 64
0.137914 56
0.204668 51
0.447626 46
0.450481 60
0.121419 52
0.182232 49
1.099195 45
0.529295 46
1.832989 59
0.104312 44
2.396445 57
0.372397 45
0.081643 52
0.263346 46
0.096242 7
72.525531 50
0.681587 20
0.092152 132
0.000632 56
0.010746 152
0.094413 18
0.008319 38
0.000432 152
0.094371 53
0.008314 20
0.092636 51
0.000694 81
0.000876 2
0.013208 9
0.014289 1
3.012922 30
0.002009 46
0.099085 7
69.548442 50
0.681651 20
0.096066 132
0.000937 18
0.009812 38
0.000644 152
0.094916 56
0.009256 152
0.096498 53
0.008864 152
0.098813 2
0.011787 9
0.014097 1
3.011875 30
0.003411 59
0.063383 44
0.687022 49
0.794571 47
0.000026 56
0.262598 51
0.231578 55
0.253625 41
0.153129 49
0.192993 45
0.120624 45
0.317099 38
0.887817 47
0.036857 40
0.226735 45
0.650967 64
0.095505 35
