0.902816 29
2.739302 64
0.004627 64
0.013810 66
0.073437 101
0.272781 37
0.000968 23
0.115884 6
0.172621 93
0.021255 64
0.015480 103
0.050596 14
0.005027 183
0.029161 47
0.009362 182
0.020462 45
0.087291 179
0.171879 47
0.003754 191
0.010495 105
0.001858 29
0.654930 22
0.434126 233
0.078511 104
0.196114 26
0.164291 26
0.105903 26
0.066687 26
0.105068 26
0.092151 26
0.153551 27
0.481800 74
0.001352 116
0.008704 39
0.113349 112
0.658345 36
0.109751 102
0.435329 38
0.268238 112
0.504838 105
0.117062 43
0.000808 36
0.164592 40
0.730819 52
0.700243 49
0.070211 46
0.192614 102
1.144463 51
1.278962 65
0.339588 58
0.264224 47
0.003020 28
0.002006 31
0.243526 26
0.012166 46
1.160313 46
0.082508 46
0.081447 46
0.078410 36
0.069607 33
0.196212 8
0.023635 38
0.121800 47
0.023366 36
